0.06262990832328796
-0.006256623659282923
-0.09515395760536194
0.06432770192623138
0.0506042018532753
0.1832670420408249
0.12081187963485718
0.03949658200144768
0.12994834780693054
-0.1333473175764084
0.2947748303413391
0.010095685720443726
-0.022026317194104195
-0.024024643003940582
-0.08875739574432373
-0.12468712031841278
-0.02633807249367237
0.012272031977772713
0.04265400767326355
0.02221847139298916
0.07909223437309265
0.05867404490709305
-0.049218252301216125
0.03213219344615936
0.0027338219806551933
-0.06443120539188385
-0.025715775787830353
-0.02520032413303852
0.06721094250679016
0.020752666518092155
-0.03794045001268387
-0.012186829000711441
-0.04809984192252159
-0.13840945065021515
-0.09529055655002594
-0.017405426129698753
-0.036243539303541183
-0.013165400363504887
0.10913332551717758
-0.03810260444879532
0.011590149253606796
-0.016605211421847343
-0.04374585673213005
-0.04699360206723213
-0.06209561601281166
-0.1515384465456009
-0.0957474410533905
-0.04660574346780777
-0.06661268323659897
0.40909919142723083
-0.013950814493000507
0.005837744567543268
-0.10198716819286346
-0.041269451379776
0.006607408169656992
-0.02024937979876995
0.07113470882177353
-0.05463746190071106
0.004856029525399208
0.05728744715452194
0.006705450359731913
-0.0011528785107657313
0.05660724267363548
-0.06215628609061241
0.05482688918709755
0.05031956732273102
0.006236341781914234
0.2510020434856415
-0.03276732563972473
-0.3222160041332245
-0.0820888876914978
-0.08279398828744888
0.05087542161345482
0.15371474623680115
0.15837523341178894
0.09629897028207779
0.04411052539944649
-0.09350283443927765
-0.04131404682993889
-0.06789074093103409
0.07424689829349518
-0.06758468598127365
0.09160999953746796
-0.04310520738363266
-0.017745181918144226
-0.03236469626426697
-0.2269703447818756
-0.018509792163968086
-0.0021879589185118675
0.031549856066703796
0.06372680515050888
0.04103156551718712
0.03562844544649124
-0.01573626510798931
-0.03980117291212082
0.07665108889341354
-0.024468157440423965
0.017755363136529922
0.04516585171222687
-0.07799914479255676
-0.1281047910451889
0.00558509211987257
-0.036471787840127945
-0.07231651991605759
0.015488702803850174
0.03074261173605919
0.01240583136677742
0.003569278633221984
0.007012834306806326
0.011360050179064274
0.012188812717795372
0.01762860082089901
-0.04969489946961403
0.2951377332210541
0.0770491361618042
0.12381342798471451
0.2964784502983093
0.005609528627246618
-0.09555108100175858
-0.055257558822631836
-0.04814659059047699
0.044906437397003174
0.005367416888475418
-0.040217697620391846
-0.027745109051465988
0.0789267048239708
0.03474966809153557
0.2086196094751358
-0.055249180644750595
0.09261529892683029
0.02537820301949978
-0.011578250676393509
-0.00911532249301672
-0.04781463369727135
0.0075379242189228535
0.04184863716363907
-0.026778176426887512
-0.16734148561954498
0.01585124060511589
0.10453341901302338
-0.012898091226816177
0.028316745534539223
-0.10004740208387375
0.0048675816506147385
0.06876185536384583
-0.01777614653110504
-0.07695243507623672
-0.06767100840806961
-0.21532335877418518
0.16098672151565552
-0.022365739569067955
0.2883901000022888
0.12463170289993286
-0.0782797560095787
-0.0676957368850708
-0.015391772612929344
0.27302584052085876
-0.01775122620165348
0.06397217512130737
-0.01689986139535904
-0.04473293945193291
-0.06505799293518066
-0.028436416760087013
0.05258508771657944
-0.17819368839263916
-0.013598083518445492
-0.08129578083753586
0.17015618085861206
0.06536734104156494
-0.05145062878727913
-0.19416461884975433
0.026761313900351524
-0.0171967800706625
0.14929422736167908
0.03710024803876877
-0.055769700556993484
0.11709768325090408
0.00825043860822916
0.09109869599342346
0.03515632078051567
-0.001838258933275938
0.024380898103117943
0.0006644800887443125
0.002354722237214446
-0.04612501710653305
-0.1555418223142624
0.14568693935871124
0.1309443861246109
0.07596681267023087
0.049592770636081696
-0.11754178255796432
0.07927413284778595
0.18337947130203247
0.014139476232230663
0.035020552575588226
-0.15334129333496094
0.2838837802410126
-0.03131549805402756
0.02776205912232399
0.2233782559633255
0.22379274666309357
0.027574580162763596
-0.01735275238752365
0.06619036197662354
-0.01415297295898199
0.034527190029621124
0.2238023281097412
-0.08089786022901535
-0.10984843224287033
-0.053484052419662476
-0.13190710544586182
0.0028662350960075855
0.4622657299041748
-0.0957966297864914
-0.04092991352081299
0.12140347063541412
0.05059010535478592
-0.02037319727241993
-0.00943929236382246
0.015747323632240295
-0.13306111097335815
-0.023312414065003395
-0.04789784923195839
-0.08119262754917145
-0.03358328342437744
0.016073472797870636
0.07369985431432724
-0.04981894791126251
-0.008013908751308918
-0.008420015685260296
-0.11419477313756943
0.003230316797271371
-0.13204620778560638
-0.052487894892692566
0.0023259613662958145
-0.08256277441978455
0.029214035719633102
8.548358164262027e-05
-0.08080301433801651
0.08573424071073532
-0.030113009735941887
0.03309536725282669
-0.05317314341664314
0.009135913103818893
0.02947848103940487
-0.025184161961078644
-0.012302141636610031
-0.1797710508108139
-0.03697057068347931
-0.013839531689882278
-0.2495591789484024
0.005041432101279497
-0.03744066506624222
0.15296809375286102
0.06994463503360748
0.03848029673099518
-0.15420228242874146
0.10125883668661118
0.08858604729175568
-0.05207454413175583
-0.03411269932985306
0.1333789974451065
-0.006259350571781397
0.05521515756845474
-0.0344892181456089
0.005491275805979967
0.0018710732692852616
0.10383450239896774
-0.045990459620952606
-0.07408224046230316
0.03073163889348507
0.10528522729873657
-0.13858039677143097
-0.00124770263209939
-0.00041135260835289955
0.009112415835261345
-0.04632260650396347
0.0006673351163044572
-0.0027023490983992815
0.08982834964990616
-0.027474824339151382
-0.09015124291181564
-0.05897964909672737
0.21231026947498322
-0.04492448270320892
0.020363662391901016
-0.04386880621314049
0.009314041584730148
0.0735863745212555
-0.0877373069524765
0.008890916593372822
-0.018896376714110374
-0.21630987524986267
0.09318307042121887
-0.13093143701553345
-0.18491248786449432
-0.03737920522689819
0.054901670664548874
0.02020638808608055
0.02068103663623333
-0.020113343372941017
0.1427072137594223
-0.00047135644126683474
0.0010624139104038477
0.09068290144205093
-0.12395261973142624
-0.0347340926527977
-0.031123453751206398
0.24466657638549805
-0.12942029535770416
-0.03413743898272514
-0.02903970703482628
0.06499217450618744
0.03856445103883743
0.11797355115413666
-0.008030380122363567
-0.09380056709051132
0.0685202032327652
0.02182960696518421
0.1569797396659851
0.0022784871980547905
-0.09056928753852844
0.021953126415610313
0.010813907720148563
0.0017790989950299263
0.3180001378059387
-0.019107794389128685
-0.06561777740716934
0.007678565103560686
-0.10348710417747498
-0.003948049619793892
-0.008885988965630531
-0.013377808965742588
0.042281314730644226
0.11424041539430618
0.28361234068870544
-0.07314376533031464
0.04005768522620201
0.12551578879356384
0.009182397276163101
-0.12902280688285828
-0.15493959188461304
-0.039942193776369095
-0.09927266091108322
-0.08916202932596207
0.08358407020568848
-0.04188879579305649
0.0698213055729866
0.12278673052787781
-0.08498743176460266
-0.06663168221712112
0.07056453824043274
-0.14372065663337708
0.05838948115706444
0.05205107480287552
-0.08979251235723495
-0.1133766770362854
-0.019008582457900047
0.03257608413696289
-0.06129354611039162
0.16542738676071167
0.08126182854175568
-0.19153110682964325
-0.01699620857834816
-0.0064066736958920956
0.04004960507154465
0.1559256762266159
-0.11438379436731339
0.1371292918920517
0.031639955937862396
0.10469558835029602
0.002316997619345784
0.19654764235019684
-0.022174041718244553
-0.01433134637773037
0.10551217943429947
-0.08713432401418686
-0.08677735179662704
-0.06795957684516907
-0.1811327040195465
0.04795774444937706
-0.04212930053472519
-0.11095593124628067
0.264253705739975
-0.015025434084236622
0.028779052197933197
0.1379040628671646
-0.04224510118365288
0.038898203521966934
0.17362818121910095
-0.05660243332386017
-0.07043641060590744
0.086139976978302
0.08395910263061523
-0.0908268615603447
-0.050941575318574905
-0.056559860706329346
-0.03249308839440346
-0.04188758507370949
-0.023820316419005394
0.17372748255729675
-0.0567912682890892
-0.040089450776576996
0.04469206929206848
0.0058470480144023895
0.1186872124671936
-0.09936699271202087
0.1013411357998848
-0.03438455983996391
0.03259902447462082
-0.0701884850859642
-0.08293935656547546
0.04247014969587326
0.04990580305457115
-0.12907202541828156
-0.10753805190324783
-0.05366876348853111
0.020851846784353256
0.02898477576673031
0.0128797497600317
-0.008555714040994644
0.11347068101167679
0.051852498203516006
0.07468438893556595
0.04871504008769989
0.11101238429546356
-0.056255608797073364
0.2041788101196289
-0.052351921796798706
0.21019023656845093
0.07764579355716705
0.06865429878234863
-0.04967356473207474
-0.010710692033171654
-0.06946705281734467
0.20558899641036987
-0.043797995895147324
0.06378158926963806
-0.1542896330356598
-0.04038594290614128
0.025244183838367462
-0.08286947011947632
-0.011578904464840889
-0.07203339785337448
0.17580623924732208
-0.03585835173726082
0.03786583989858627
-0.005266550928354263
0.045334022492170334
-0.06543164700269699
-0.11454520374536514
0.2153463065624237
-0.023169081658124924
0.0092674121260643
0.025536557659506798
-0.01397117879241705
-0.16708625853061676
-0.08705032616853714
0.10422826558351517
0.3069976568222046
-0.09989117830991745
-0.0884791687130928
-0.013737546280026436
-0.012332684360444546
-0.039319898933172226
-0.028744472190737724
-0.07732616364955902
0.018169770017266273
-0.06933800131082535
0.02883588708937168
-0.0684528723359108
0.05121368542313576
-0.06945350021123886
0.011975336819887161
-0.042581621557474136
-0.07578703761100769
-0.17702409625053406
-0.05802825465798378
-0.14638367295265198
0.04367736354470253
0.00377406133338809
-0.0767609179019928
-0.08250311762094498
-0.0007343871984630823
0.11584283411502838
0.025212345644831657
-0.17452625930309296
0.13903400301933289
0.11208011209964752
-0.13188238441944122
0.0662984699010849
0.006070088129490614
-0.07458741962909698
-0.00293800444342196
-0.07108069211244583
0.025348443537950516
-0.053188685327768326
-0.030765095725655556
-0.07237719744443893
0.41903239488601685
-0.0721052885055542
0.03807876259088516
0.2174731343984604
-0.021012693643569946
-0.0027791999746114016
-0.09694924205541611
0.0019648405723273754
-0.09062593430280685
0.06920407712459564
-0.08369002491235733
-0.04853604733943939
-0.011387967504560947
