0.034060198813676834
0.002117655472829938
0.021749064326286316
-0.047710273414850235
-0.00978163257241249
0.0010943220695480704
-0.0010758736170828342
-0.03265770152211189
-0.017540941014885902
-0.0071227760054171085
-0.009580045938491821
-0.001820515957660973
0.011197916232049465
0.025975830852985382
-0.05178264528512955
0.008216201327741146
-0.001319428440183401
0.0022577710915356874
0.016637928783893585
0.012902209535241127
0.05433217063546181
0.00048697454622015357
0.0009679510840214789
0.01345052383840084
-0.00781366415321827
0.039247434586286545
0.014866656623780727
0.00757586257532239
-0.013356363400816917
0.017897672951221466
0.006352240219712257
0.00101686071138829
0.02316666953265667
-0.004499510861933231
0.016647687181830406
0.00920496042817831
0.0010558272479102015
0.03856682404875755
-0.00601527513936162
0.028251798823475838
-0.004776979796588421
0.02102658897638321
0.006788704078644514
0.012025902979075909
0.004624015185981989
0.005540263373404741
0.003250824986025691
0.04569687694311142
-0.008635187521576881
-0.000156378882820718
0.004484723322093487
0.019057413563132286
-0.007638092618435621
0.0018175174482166767
-0.019763866439461708
0.043406128883361816
-0.008869575336575508
0.0030727109406143427
0.023456620052456856
-0.009428907185792923
0.02544812299311161
-0.00600014440715313
-0.028757834807038307
0.031159421429038048
-0.021422913298010826
-0.0006313365884125233
0.00797673687338829
0.040617238730192184
0.00421327818185091
0.05820212885737419
0.029454223811626434
0.0028403205797076225
-0.0013930985005572438
0.009008160792291164
-0.022520966827869415
0.03780606761574745
0.005692763719707727
-0.011816559359431267
0.029008828103542328
0.019790207967162132
-0.015539097599685192
0.00699583487585187
0.0038063344545662403
0.007176613435149193
0.026077736169099808
0.02866923250257969
0.049163442105054855
-0.03795015811920166
-0.010768730193376541
-0.007832950912415981
0.0030888300389051437
-0.04290731996297836
-0.009227917529642582
0.02386687509715557
0.01982252486050129
0.0438217855989933
0.03628138080239296
0.014232809655368328
0.013432054780423641
-0.006252847611904144
-0.004514111205935478
-0.009776345454156399
-0.002522770082578063
0.014906872063875198
0.05220559239387512
-0.007280477322638035
0.02882980927824974
0.012228097766637802
0.020873012021183968
0.019445965066552162
0.0037528001703321934
0.021084453910589218
0.0248580165207386
0.01308723259717226
0.006775361951440573
-0.0016063483199104667
0.02362620271742344
0.00044384438660927117
0.01608322188258171
0.017371084541082382
0.004263187292963266
-0.02745947428047657
0.04774769768118858
0.0049975053407251835
0.023966463282704353
0.027338115498423576
-0.0052126026712358
0.03688502684235573
0.025916723534464836
-0.008070781826972961
0.014733389019966125
0.04347224906086922
-7.109016587492079e-05
-0.015887215733528137
0.003891036147251725
-0.0031915325671434402
0.009120132774114609
-0.006343319546431303
-0.008167876861989498
-0.03137259557843208
0.06384065002202988
0.00690210098400712
0.021874455735087395
0.0008137560798786581
0.04588071629405022
0.022493189200758934
0.026762498542666435
0.025249183177947998
-0.009453222155570984
0.0007943098898977041
0.013610217720270157
0.02568519301712513
0.0012496301205828786
0.00669575110077858
0.004616626538336277
0.026433637365698814
-0.011352588422596455
0.025181807577610016
-0.008773298934102058
0.02495109848678112
0.05925796926021576
-0.0027920017018914223
0.011429567821323872
0.00783234741538763
0.015961922705173492
-0.0015901465667411685
0.011444090865552425
-0.008905365131795406
0.0027089822106063366
0.014074523001909256
0.04474828764796257
0.006307265721261501
-0.0071487450040876865
-0.006096327677369118
0.026561280712485313
0.022194014862179756
0.005399267189204693
0.00959230586886406
-0.0012383254943415523
0.006138055585324764
-0.007610618136823177
0.010779378935694695
0.012022755108773708
0.007269131951034069
0.03098352625966072
0.0042797354981303215
0.036590661853551865
0.007580698002129793
0.003292333334684372
0.03339871019124985
-0.029878688976168633
-1.5568944945698604e-05
0.008172200061380863
0.01079725194722414
0.034009356051683426
0.055260978639125824
-0.02706003002822399
-0.008659247308969498
0.03947966918349266
-0.015953045338392258
0.04135231673717499
-0.010219279676675797
-0.0010286038741469383
0.01677943393588066
0.015544021502137184
0.002830350073054433
0.05897889286279678
-0.016183651983737946
0.007055340800434351
0.03924844041466713
0.023831553757190704
0.01340153906494379
0.006467346101999283
0.008089287206530571
-0.009943480603396893
0.018974727019667625
-0.005234831478446722
-0.020357513800263405
0.008926140144467354
0.013548103161156178
0.050391264259815216
0.016106437891721725
0.01734444685280323
0.01684175245463848
0.01801224984228611
0.006989254150539637
-0.007056671194732189
0.012100042775273323
0.019331051036715508
0.0528128407895565
0.011708729900419712
-0.007857571355998516
0.03525713086128235
0.003991261590272188
0.010121190920472145
0.027310283854603767
0.01394032035022974
-0.0034210397861897945
0.027456028386950493
0.0036567719653248787
0.01649407483637333
0.01779279112815857
0.028099987655878067
0.0006893444224260747
0.008315341547131538
0.029145846143364906
0.0012398778926581144
0.02014743536710739
-0.0048991842195391655
-0.005797903053462505
-0.015319679863750935
0.020856032148003578
0.0038151387125253677
0.018893904983997345
0.004155576694756746
-0.00316783064045012
0.020229484885931015
0.019479529932141304
-0.00036943922168575227
0.016474146395921707
0.04339184612035751
0.011570081114768982
-0.003228489775210619
0.0014898274093866348
-0.0044557456858456135
-0.002258325694128871
0.025396836921572685
0.014290588907897472
0.024007773026823997
0.03306564688682556
-0.012567834928631783
0.057849183678627014
0.018219953402876854
0.031209079548716545
0.01944439485669136
-0.036949273198843
0.01930389739573002
0.06271182000637054
0.013839512132108212
0.006047368980944157
-0.005418933462351561
-0.007172465790063143
0.0025121395010501146
0.0020044243428856134
0.011443826369941235
-0.0008730851113796234
-0.008309109136462212
-0.0008261823677457869
-0.07089096307754517
0.01088134478777647
0.0337294340133667
0.03942574933171272
0.0004197077942080796
-0.0049601225182414055
-0.0010772206587716937
0.03964519128203392
0.01946043223142624
0.0018550918903201818
-0.01060979813337326
0.022907279431819916
0.0096482764929533
0.01630382426083088
0.0004764047043863684
0.04495832696557045
-0.018527351319789886
0.008674864657223225
0.03644898161292076
-0.023990200832486153
0.006018441170454025
0.015397914685308933
-0.0016156634083017707
0.02248051017522812
-0.011732579208910465
0.04518858343362808
0.012119898572564125
0.005387058015912771
0.012069951742887497
-0.00939570926129818
0.010314594022929668
0.0111818453297019
0.023594114929437637
0.04619689658284187
0.014485702849924564
-0.012054135091602802
0.02923201583325863
0.0028745627496391535
0.003346069483086467
-0.024171007797122
0.002990220906212926
0.05804852768778801
0.011204419657588005
0.012009622529149055
0.009842141531407833
0.005687196739017963
0.010968739166855812
0.013479531742632389
0.005497798789292574
0.006584211252629757
0.03550015389919281
-0.012775235809385777
-0.001072071143426001
-0.0140412962064147
-0.013832321390509605
-0.019225239753723145
0.0217023566365242
0.004899912513792515
0.029939789324998856
0.033224016427993774
0.011828092858195305
0.05154639855027199
-0.007154280319809914
0.028274675831198692
-0.03829257935285568
0.008345911279320717
0.035187218338251114
0.03656249865889549
0.018153725191950798
0.007368315942585468
0.012927945703268051
0.047073859721422195
0.009229537099599838
0.004082558210939169
0.014268687926232815
0.022445395588874817
-0.005449674557894468
0.011578590609133244
0.03329060971736908
-0.010846300050616264
0.0014658268773928285
0.01619398407638073
0.007684004493057728
0.007536832708865404
0.009483056142926216
0.013727040030062199
0.009254985488951206
0.021248608827590942
0.01696317456662655
-0.009211013093590736
0.04571902006864548
0.003192224772647023
0.014399358071386814
0.0032144151628017426
0.014367525465786457
0.010971025563776493
0.012156937271356583
0.0076879942789673805
0.014417987316846848
0.045888159424066544
0.015850966796278954
-0.005201723426580429
0.014614890329539776
0.01767175830900669
0.028388475999236107
0.0022313150111585855
0.0394764244556427
-0.008792228996753693
0.007574560586363077
-0.010869779624044895
-0.0383351668715477
-0.07141479849815369
-0.013309691101312637
-0.014699656516313553
0.023031484335660934
0.00534410122781992
0.018937354907393456
0.009930300526320934
0.0049169426783919334
0.027382662519812584
-0.01181280892342329
0.015478071756660938
0.009601174853742123
0.0037382410373538733
-0.013561414554715157
0.023138053715229034
0.034039076417684555
-0.006795002147555351
0.008525346405804157
0.03834955021739006
0.0014971130294725299
-0.007403216790407896
0.037672195583581924
-9.049139043781906e-05
0.027277734130620956
0.012411948293447495
0.03023422509431839
0.019991343840956688
-0.005108930170536041
9.39776873565279e-05
-0.004606648348271847
0.012546953745186329
0.0283050537109375
-0.01146452222019434
-0.009907622821629047
0.013221689499914646
0.002600740874186158
-0.03526770696043968
0.020604245364665985
0.06428404897451401
0.01968454383313656
0.00974332820624113
0.023364143446087837
0.007836610078811646
-0.01855323277413845
0.019912879914045334
0.016604891046881676
0.02415161393582821
0.025679953396320343
0.0050867702811956406
-0.006942813750356436
-0.015484772622585297
0.01841149665415287
0.01532747782766819
0.026764903217554092
0.006517230998724699
-0.024080242961645126
0.011172349564731121
0.008311368525028229
0.044851481914520264
0.010278893634676933
-0.013605662621557713
0.024878831580281258
0.0389130599796772
0.0022104037925601006
0.002974575385451317
0.008957779966294765
-0.021571313962340355
0.032255109399557114
0.018631216138601303
0.00031654484337195754
0.006257511209696531
0.020021142438054085
0.012282178737223148
-0.023155344650149345
0.004244091454893351
0.02455056831240654
-0.00952335074543953
0.016740169376134872
0.01965252123773098
0.008677410893142223
0.03065313585102558
0.03824937343597412
0.024254651740193367
0.011462110094726086
-0.028621498495340347
-0.02666703425347805
0.0030712541192770004
-0.0015575091820210218
0.03126860037446022
-0.01410125382244587
0.005871590692549944
-0.0005145533941686153
0.04083902761340141
-0.009714914485812187
0.00649288622662425
-0.010961929336190224
0.02792777493596077
0.04288933053612709
-0.018793195486068726
0.00851813331246376
-0.003046296536922455
0.045653365552425385
0.00917655136436224
0.01633603498339653
0.0027426364831626415
0.06616321206092834
-0.0007339204312302172
0.030577467754483223
0.03970550745725632
-0.012823019176721573
-0.006904585752636194
0.0064137824811041355
0.025697294622659683
0.02554844133555889
0.004804215859621763
0.006450183689594269
0.019225964322686195
0.016245735809206963
0.03380262479186058
-0.0005330595886334777
-0.00987439975142479
0.029297444969415665
0.014819213189184666
0.014655862003564835
-0.008825080469250679
0.007923606783151627
0.03690818324685097
-0.002427884843200445
0.008395365439355373
-0.01105151604861021
-0.011629206128418446
-0.0017304647481068969
0.002572361147031188
0.009179990738630295
-0.019605999812483788
0.00227608485147357
0.027052806690335274
-0.03827662393450737
0.013572313822805882
0.03227217122912407
-0.01959715224802494
0.006787649821490049
0.006503663025796413
0.0014605503529310226
-0.00277310935780406
0.038616523146629333
0.017615970224142075
-0.05067383125424385
0.0015377269592136145
0.0029295559506863356
0.015817176550626755
-0.00017003050015773624
-0.018600046634674072
-0.0040589794516563416
-0.007553966250270605
-0.0032166875898838043
0.02392004244029522
0.009838652797043324
0.029659418389201164
0.007359677460044622
0.026750560849905014
0.04937136918306351
0.005385282449424267
-0.009344443678855896
-0.02192164584994316
0.019743461161851883
-0.03385879471898079
0.006324075162410736
0.0392492450773716
0.02301483415067196
0.012920623645186424
-0.024207426235079765
0.01491655595600605
-0.003976052161306143
0.029351286590099335
0.01786886900663376
-0.019242361187934875
-0.003985539078712463
-0.030864618718624115
-0.001777230529114604
0.0005655930144712329
-0.009072817862033844
0.02254774607717991
0.005288196727633476
0.00864393636584282
-0.006147738080471754
0.030422929674386978
0.015812944620847702
0.010311884805560112
0.003161271568387747
-0.019671158865094185
0.014472012408077717
0.036267995834350586
-0.013714153319597244
0.015916945412755013
0.002668019849807024
-0.0029175502713769674
0.010426406748592854
0.01547932904213667
-0.00048148553469218314
0.028187314048409462
0.020855749025940895
0.02241208776831627
-0.01334964856505394
0.004936764948070049
0.011218681931495667
0.0026719742454588413
0.025804948061704636
-0.0030295206233859062
-0.01808236911892891
0.010521204210817814
0.04578904062509537
0.012820212170481682
0.009456198662519455
-0.015226531773805618
0.0016185409622266889
0.013558515347540379
-0.00975447054952383
0.04902728646993637
0.039871569722890854
0.01924840919673443
0.0065078758634626865
0.006234331056475639
-0.007956020534038544
0.016589133068919182
-0.006599972024559975
0.019021838903427124
0.011551541276276112
-0.026427244767546654
0.019420107826590538
0.009280302561819553
0.007860491052269936
0.05173197016119957
-0.0015982035547494888
-0.008351875469088554
-0.0038390541449189186
-0.01496818196028471
0.01149942260235548
0.002705683931708336
0.005211259704083204
0.019276538863778114
0.02963446080684662
0.03174321725964546
0.0316801555454731
-0.003965088631957769
-0.022345392033457756
-0.015499061904847622
0.02718302607536316
0.0030508432537317276
-0.018481772392988205
-0.009588869288563728
-0.005963532719761133
-0.022655026987195015
0.007662793155759573
-0.008161472156643867
0.02806633524596691
-0.07063095271587372
-0.02091621607542038
0.023802747949957848
0.02599164843559265
-0.0012144313659518957
0.037337541580200195
0.010590105317533016
0.03209219500422478
0.02128395438194275
0.026803452521562576
0.022162826731801033
0.03684456646442413
0.0050477939657866955
0.05358954146504402
0.02583230286836624
-0.0012897516135126352
0.005643106997013092
0.014493845403194427
-0.011681084521114826
0.017300022765994072
0.02063773199915886
0.015534774400293827
-0.02666417509317398
0.012592410668730736
0.03445124626159668
0.0057870084419846535
-0.0009723759721964598
0.001728893374092877
-0.060431137681007385
-0.014720738865435123
-0.007108448073267937
0.009964851662516594
-0.01130482368171215
-0.006232474930584431
-0.0056349048390984535
0.009966370649635792
0.02939504198729992
0.006444588769227266
0.002335289726033807
-0.008444806560873985
0.035025209188461304
0.0007035459857434034
0.023584740236401558
-0.0041693951934576035
0.0035788477398455143
0.019242215901613235
0.013343805447220802
-0.011274326592683792
0.017243122681975365
0.012744063511490822
0.018229883164167404
0.036217983812093735
-0.004098594654351473
0.007680326234549284
0.009213032200932503
0.023676633834838867
0.004675436764955521
0.025040101259946823
0.02117125503718853
0.013646856881678104
0.021476414054632187
-0.004280359949916601
0.00810690876096487
0.015347981825470924
0.02342705801129341
0.007659612223505974
0.01939886063337326
8.245912613347173e-05
0.0027822961565107107
0.018638595938682556
-0.0022068293765187263
-0.010290553793311119
-0.016611166298389435
-0.011430746875703335
0.0034624296240508556
0.030445683747529984
0.009913894347846508
0.007325340528041124
0.037551529705524445
0.04256785660982132
0.023605581372976303
0.03027711808681488
-0.012213953770697117
-0.03101520612835884
-0.02255573682487011
-0.006381419952958822
0.011511720716953278
0.023941505700349808
0.03747405856847763
0.018121281638741493
0.014731714501976967
-0.007494213990867138
-0.009225661866366863
-0.0055853757075965405
0.046782802790403366
0.02307268977165222
0.0004858332686126232
0.01288034301251173
-0.01853809878230095
0.013929033651947975
-0.006653386168181896
0.020345520228147507
0.00594555726274848
0.02116791158914566
0.00899615976959467
0.008037871681153774
-0.031036635860800743
0.006870496552437544
0.057605206966400146
-0.004423094913363457
-0.00500996271148324
0.02272151969373226
0.01661054417490959
0.018609853461384773
0.00676998496055603
0.005128616467118263
-0.00010401525651104748
-0.0029976393561810255
0.044060032814741135
0.005044951569288969
0.03408465161919594
0.022744042798876762
0.01802576705813408
0.010717468336224556
0.011917075142264366
0.021915584802627563
-0.016232376918196678
0.054290179163217545
-0.011276628822088242
0.0005593385430984199
-0.002874586032703519
-0.04493868350982666
-0.0016062669456005096
0.007387782912701368
0.03894947096705437
0.016122600063681602
0.020522527396678925
0.02260664291679859
0.007772841025143862
-0.018603699281811714
0.021144304424524307
0.001101056463085115
0.023610012605786324
0.0030862102285027504
-0.002240085741505027
-0.014800085686147213
0.05719669163227081
0.005357446614652872
-0.000792119069956243
0.034439411014318466
-0.024179615080356598
0.013906765729188919
0.008760062046349049
-0.0010321425506845117
0.009768933057785034
-0.027889328077435493
0.008614717051386833
0.017991803586483
0.02497190795838833
0.007916668429970741
-0.00031294673681259155
-0.0010911596473306417
-0.0013481214409694076
0.006459822412580252
0.007154310122132301
0.01129569299519062
0.013646707870066166
-0.0011137709952890873
0.044936422258615494
-0.007459816988557577
0.017757991328835487
0.020880891010165215
0.015987876802682877
0.044619761407375336
0.041791461408138275
0.0626424178481102
0.019631750881671906
-0.013609549961984158
0.027363214641809464
-0.00761881610378623
0.04936113953590393
0.013229090720415115
0.005542803555727005
0.05063650384545326
0.02179260365664959
0.04133876413106918
-0.013388808816671371
0.014407522976398468
0.021905599161982536
0.023568294942378998
-0.02267603389918804
-0.012752313166856766
-0.023791702464222908
0.010717344470322132
0.022492261603474617
0.03985946625471115
0.007181884255260229
0.002549385651946068
0.01241319626569748
-0.021046433597803116
0.0380200631916523
0.0019231707556173205
-0.0020476020872592926
0.011893902905285358
0.013263988308608532
-0.007818308658897877
0.0044950032606720924
-0.004999280441552401
0.006338478531688452
0.01996343769133091
0.002366947941482067
-0.0002718640025705099
0.04220147058367729
0.0027612256817519665
0.008986927568912506
0.01768009550869465
-0.004981695674359798
9.517704165773466e-05
0.01419222354888916
0.015554352663457394
-0.02541709505021572
-0.008846055716276169
0.002404693979769945
0.003845982253551483
0.03907217085361481
0.0248909629881382
0.02111748605966568
0.008121859282255173
-0.006496559828519821
-0.004464786034077406
-0.023939354345202446
0.042132679373025894
-0.00622019125148654
0.03626913204789162
0.00402228906750679
-0.00527418777346611
-0.00387784605845809
-0.014409017749130726
0.00311695272102952
0.016999853774905205
0.011759336106479168
0.038497354835271835
0.003748189192265272
-0.04980749636888504
0.036984365433454514
0.005342153832316399
0.008490137755870819
0.00908772461116314
-0.016538774594664574
0.015096264891326427
-0.005282870959490538
0.003082807408645749
0.011517929844558239
-0.012077071703970432
0.020768238231539726
0.006839126348495483
-0.004155698698014021
0.03063197433948517
-0.026907067745923996
-0.006007869262248278
0.0005665149656124413
-0.022472213953733444
0.00010604226554278284
0.017828457057476044
0.028209112584590912
0.021670835092663765
0.017900731414556503
0.006103083491325378
-0.009234481491148472
0.010556355118751526
0.010746466927230358
-0.01105688139796257
0.03435215726494789
-0.00043262765393592417
0.02217954210937023
0.034122999757528305
0.029881320893764496
0.017327068373560905
-0.0040591093711555
0.003747193841263652
-0.004863631911575794
-0.02736017294228077
0.015171685256063938
-0.026425676420331
0.007023283746093512
0.016565654426813126
0.014393160119652748
0.01911005564033985
0.01233236026018858
-0.01429955568164587
-0.02007666788995266
0.005043831188231707
0.007008128799498081
-0.002791737439110875
0.011484778486192226
-0.012228007428348064
-0.009535395540297031
0.007403217256069183
-0.0009644812671467662
0.04876217991113663
-0.02243378385901451
-0.016611654311418533
0.0015192963182926178
0.039283886551856995
0.029330650344491005
0.006072129122912884
0.01636187545955181
-0.00021451039356179535
0.023334143683314323
-0.024146201089024544
0.0013602186227217317
0.024509664624929428
0.06901533156633377
0.025862963870167732
-0.01505972445011139
0.021184809505939484
0.006589711178094149
0.010443518869578838
0.017068715766072273
-0.01186343003064394
0.0319107323884964
0.0037296477239578962
-0.03624405711889267
-0.020279081538319588
0.013513420708477497
-0.01494040060788393
0.023654747754335403
-0.01192903146147728
0.007381107658147812
-0.000375789386453107
0.015157118439674377
0.007210496347397566
0.022080641239881516
-0.013254188932478428
-0.02043161168694496
0.008487371727824211
-0.005809818394482136
0.006901799701154232
-0.01602117158472538
0.07335936278104782
-0.0007128933211788535
0.03032764233648777
-0.003754179459065199
-0.00767929945141077
0.018721606582403183
0.01570870354771614
-0.0003516230499371886
-0.012471468187868595
0.02220144309103489
-0.012991436757147312
0.03811405599117279
0.01712784543633461
0.0109816063195467
0.013510113582015038
-0.014204912818968296
-0.0032151485793292522
-0.0015202377690002322
0.029624024406075478
-0.0008838071953505278
-0.004960930906236172
0.01714436151087284
0.02331201359629631
0.011071613058447838
0.04742814972996712
0.022602519020438194
0.032689888030290604
0.028826311230659485
0.00912482850253582
0.0034557480830699205
0.026054400950670242
0.029689835384488106
0.01929328776896
0.0405229888856411
0.03799201920628548
0.0009513499098829925
0.011484332382678986
-0.00048306092503480613
0.023718154057860374
0.010396205820143223
-0.004052305594086647
-0.014259072951972485
-0.04205866903066635
-0.047342557460069656
0.016788126900792122
-0.013486085459589958
0.023582477122545242
0.019164996221661568
0.03235364705324173
0.016769878566265106
-0.023963812738656998
0.011267554946243763
0.00653743976727128
0.02609759196639061
0.047908294945955276
0.0013731273356825113
0.016041811555624008
0.052630264312028885
0.02415887452661991
-0.0021082039456814528
-0.006549378857016563
0.017502281814813614
0.013372068293392658
0.0011915083741769195
0.0017354396404698491
0.020997153595089912
-0.0025722216814756393
0.004530457779765129
0.006524647120386362
0.008834708482027054
0.04660622775554657
0.008296818472445011
0.0014932201011106372
0.021493174135684967
-0.0021938830614089966
-0.0023227143101394176
0.008857804350554943
0.009143794886767864
0.0069990092888474464
-0.05751946568489075
-0.012455111369490623
0.0495351180434227
0.011645718477666378
0.007977886125445366
-0.04545485973358154
-0.0012602187925949693
-0.04919267073273659
-0.00030454740044660866
0.013518949039280415
0.040380433201789856
0.016670837998390198
-0.003175476100295782
0.04355892911553383
-0.012735718861222267
-0.006734003778547049
-0.008939994499087334
0.021828437224030495
-0.010237264446914196
0.00440645357593894
0.013683715835213661
-0.036605726927518845
0.030263667926192284
0.03769010305404663
0.04627229645848274
0.018066992983222008
0.023070115596055984
0.002009391086176038
0.005879636388272047
-0.020213831216096878
0.014410268515348434
-0.007409599144011736
0.020232001319527626
0.013729718513786793
-0.0014248021179810166
0.028545735403895378
0.009870939888060093
0.015941642224788666
-0.0012976505095139146
0.038843147456645966
0.0005603729514405131
-0.007636062800884247
0.015472861006855965
0.008543781004846096
-0.011218136176466942
0.007390035782009363
0.016420874744653702
-0.04106876254081726
0.04123597592115402
0.019848657771945
-0.08143238723278046
-0.00886104628443718
0.029971681535243988
0.050977226346731186
0.055425941944122314
0.003116430016234517
-0.00998297706246376
0.014488537795841694
-0.00903765857219696
0.03494059666991234
0.018750812858343124
-0.0202469639480114
0.007384886033833027
-0.008758829906582832
-0.023229259997606277
-0.022147612646222115
0.012926069088280201
0.00596771202981472
0.03122985176742077
0.03140261396765709
0.03999548777937889
0.02083348110318184
-0.008146809414029121
0.00258212024345994
-7.213030039565638e-05
0.00255584716796875
0.014847055077552795
-0.010777464136481285
-0.016554074361920357
-0.017862806096673012
0.006696346681565046
0.025846058502793312
-0.00642029196023941
0.009664192795753479
-0.03280375152826309
0.001473630079999566
-0.008668837137520313
0.014256220310926437
-0.010970501229166985
-0.002178964437916875
0.035934384912252426
-0.036739375442266464
-0.010723382234573364
-0.02842305600643158
0.05450810492038727
0.04108326882123947
0.024455590173602104
0.012559580616652966
-0.01206646766513586
-0.00594331044703722
0.04212627559900284
0.022633474320173264
0.010474619455635548
0.012630228884518147
-0.003424388589337468
0.0060590351931750774
0.021638263016939163
0.01831904426217079
0.022832507267594337
0.009171889163553715
0.0203838013112545
0.02985011786222458
0.009593376889824867
0.024217655882239342
0.018876438960433006
0.03197718411684036
0.011775619350373745
-0.04514918103814125
0.01595153845846653
0.023206094279885292
0.01937383972108364
0.004390232264995575
0.023686934262514114
-0.007871776819229126
0.041765276342630386
0.010591864585876465
0.011173714883625507
0.018584545701742172
0.027300359681248665
0.028016576543450356
-0.01843595691025257
-0.038765083998441696
-0.013064559549093246
0.008249309845268726
0.014249037951231003
-0.01839395798742771
-0.0055327219888567924
-0.013465858064591885
0.011537042446434498
0.04177707061171532
0.00034354126546531916
-0.0009970961837098002
-0.0032298362348228693
0.036421872675418854
-0.04184538871049881
0.025974972173571587
0.062358539551496506
-0.011283153668045998
-0.0025150468572974205
0.0143252182751894
-0.02451263926923275
0.048084232956171036
0.0065347072668373585
0.015495844185352325
0.014008499681949615
-0.005241003353148699
0.013777726329863071
0.002548614516854286
-0.0010039809858426452
0.007728238590061665
0.0030416210647672415
0.0354621559381485
0.008252514526247978
0.0168986264616251
0.01871868409216404
-0.004198233596980572
0.0027117300778627396
0.01151880994439125
0.009870895184576511
-0.017090613022446632
0.010296252556145191
0.016791153699159622
0.039163555949926376
0.04561978206038475
0.06527170538902283
0.012059307657182217
0.02500694990158081
0.0022486750967800617
0.010022611357271671
0.014344906434416771
0.02722509205341339
0.0018270279979333282
-0.026872852817177773
0.014753791503608227
0.005566452629864216
0.0014566659228876233
0.02542308159172535
0.0029089665040373802
-0.015081893652677536
0.009342934936285019
0.027628980576992035
0.01630246266722679
-0.01007113978266716
0.019168252125382423
0.00210943934507668
-0.0022617916110903025
-0.01294595468789339
0.04465186968445778
0.025111736729741096
0.018853217363357544
0.012849446386098862
-0.022146491333842278
-0.02579016424715519
0.036811936646699905
0.025081638246774673
-0.0018034479580819607
0.055990856140851974
0.02539108879864216
-0.010764210484921932
0.02464151196181774
0.002981283701956272
0.016991419717669487
0.010247055441141129
0.024390162900090218
0.022376690059900284
0.037345435470342636
0.011665184050798416
-0.004775425419211388
0.02017582207918167
0.022840864956378937
0.022906702011823654
0.021662021055817604
0.001799874473363161
0.03155822679400444
0.011198406107723713
0.003260179189965129
-0.009539315477013588
0.031769491732120514
0.02154865860939026
0.016185112297534943
-0.01548062078654766
0.0016014795983210206
0.04063493758440018
-0.04182940348982811
0.01445797923952341
0.02768654190003872
-0.045515451580286026
0.015800688415765762
0.007791886106133461
0.026973992586135864
-0.032458413392305374
0.016662660986185074
-0.0013693352229893208
0.01028059795498848
-0.004763512872159481
0.03052363730967045
0.002457134425640106
-0.0029893338214606047
-0.010622482746839523
-0.0039318520575761795
0.00784613098949194
0.03984794020652771
0.014258825220167637
-0.01066842395812273
0.022887054830789566
0.009651637636125088
0.016232335940003395
0.0304262638092041
-0.018598059192299843
0.017415283247828484
0.05450825393199921
-0.014759320765733719
0.016381317749619484
0.02259932830929756
0.01703829877078533
-0.020450307056307793
-0.009857477620244026
0.014675089158117771
-0.011494409292936325
0.03413454070687294
0.01761115901172161
0.03541819378733635
-0.0052854325622320175
0.009904006496071815
-0.003135279519483447
0.011017464101314545
0.018306447193026543
-0.009908631443977356
0.015222523361444473
0.022230349481105804
-0.002264551818370819
0.00043059352901764214
-0.0173383466899395
0.03940269723534584
0.01624264381825924
-0.012165611609816551
-0.006552325561642647
-0.016800710931420326
-0.0005920619005337358
0.005824713967740536
0.03378574177622795
-0.01207564864307642
0.02093970775604248
0.01605220139026642
-0.016331402584910393
0.022466592490673065
0.0025637506041675806
0.011900655925273895
0.017463965341448784
0.007476411759853363
0.027211660519242287
-0.009547688066959381
-0.007870358414947987
0.00939103588461876
0.038630153983831406
0.037854552268981934
0.01849021576344967
0.0003398612898308784
-0.0016265737358480692
0.007836648263037205
-0.004006845876574516
0.017339244484901428
-0.00013391044922173023
-0.007599701639264822
-0.014055140316486359
-0.02503405697643757
-0.0015507512725889683
0.03876986354589462
0.036199718713760376
0.01460346207022667
0.016683511435985565
-0.007392900064587593
0.052763115614652634
0.02441079542040825
0.01890813186764717
0.010362374596297741
0.015376251190900803
0.007194380275905132
0.04867088794708252
0.0041445172391831875
-0.015557799488306046
0.05858151242136955
0.03239167109131813
0.018219562247395515
0.029770106077194214
0.008635716512799263
0.029361877590417862
0.0006733502959832549
-0.01695459708571434
-0.011212280951440334
0.01876172423362732
-0.0029948970768600702
0.015740089118480682
0.00225048023276031
0.007475137244910002
0.010652032680809498
0.02745184861123562
-0.03097144141793251
0.024659952148795128
-0.009163022972643375
-0.012936237268149853
0.00386891420930624
-0.005096788052469492
0.025730891153216362
0.028913717716932297
0.005202916916459799
0.027685124427080154
0.030827732756733894
0.023170500993728638
-0.02528715506196022
0.021242521703243256
-0.0030667015817016363
0.04645487666130066
0.01895270124077797
0.016677824780344963
0.012727542780339718
0.03344601392745972
0.012179174460470676
0.04705076292157173
0.022416504099965096
-0.008404307998716831
-0.0019311499781906605
-0.011694703251123428
0.026982301846146584
0.01330049429088831
0.017605125904083252
0.00021990195091348141
-0.01800006441771984
-0.009912529028952122
0.026106880977749825
-0.05029284581542015
0.011411303654313087
-0.014994137920439243
-0.007284011226147413
0.01062791608273983
0.009506603702902794
0.008237737230956554
0.010996798984706402
0.0016584882978349924
0.007319711614400148
-0.0020454679615795612
-0.026686733588576317
-0.015311994589865208
-0.014061124995350838
0.003667027922347188
0.0012889568461105227
0.007776210550218821
0.016825934872031212
-0.009253082796931267
-0.007004343904554844
0.018316756933927536
0.0236391332000494
0.013005969114601612
0.0014715476427227259
-0.011057710275053978
0.008067687042057514
-0.004051641095429659
0.030022436752915382
-0.06448835879564285
0.039977166801691055
0.006419574376195669
0.005638249218463898
0.007566387299448252
0.00940248928964138
0.03847699239850044
0.030317410826683044
0.00040647812420502305
0.01490942295640707
0.012947725132107735
0.030931340530514717
-0.005131193902343512
0.030427580699324608
0.028899332508444786
0.020540613681077957
0.023412734270095825
0.03815614432096481
-0.022942518815398216
0.050878897309303284
0.033909521996974945
0.037194084376096725
0.02749931439757347
0.008911240845918655
0.012132343836128712
0.028939925134181976
0.02155209518969059
-0.02030867338180542
0.03563041239976883
-0.03735404834151268
0.03092941828072071
-0.02612592652440071
0.013040607795119286
0.026113156229257584
0.006835589185357094
-0.01635763607919216
-0.0061050476506352425
0.04522199183702469
-0.018354754894971848
0.016992056742310524
-0.009427386336028576
0.02411625348031521
-0.022716382518410683
0.005760046653449535
-0.005070469807833433
0.02637724205851555
-0.03238852694630623
-0.007395958062261343
0.05723052844405174
-0.0016997207421809435
-0.018247269093990326
0.04289510101079941
0.004771307110786438
-0.010312703438103199
0.00952953565865755
-0.0032611123751848936
0.004665829241275787
0.019180186092853546
0.04027680680155754
0.05355828255414963
0.033758845180273056
0.015422261320054531
-0.0032313792034983635
0.005481203552335501
-0.0023245676420629025
-0.015989338979125023
0.01993078924715519
0.008388848975300789
0.0073660630732774734
0.026673099026083946
0.01105520036071539
0.00911348033696413
0.02000238187611103
0.014629778452217579
0.01814269833266735
0.006366834044456482
0.018623337149620056
0.06693675369024277
0.0013098452473059297
0.009130075573921204
0.031057652086019516
0.024296127259731293
0.020826490595936775
0.028482168912887573
0.026246866211295128
0.01688980683684349
0.012512154877185822
-0.004244156181812286
0.004119027405977249
0.05885280668735504
0.011007023975253105
0.04590805619955063
0.005548564251512289
0.03474491462111473
-0.016705023124814034
0.008928765542805195
-0.0306748878210783
0.017414623871445656
-0.020709896460175514
-0.011351377703249454
-0.07007437199354172
0.017298921942710876
0.01601121760904789
-0.0015642654616385698
0.0027396846562623978
-0.03477555140852928
0.013009344227612019
0.025125499814748764
0.01139027439057827
0.006139696110039949
0.02107345126569271
-0.012578153982758522
0.01161651685833931
0.021010400727391243
-1.7417145500076003e-05
-0.019853096455335617
0.005773396231234074
0.04400068521499634
-0.04659157618880272
0.007902354001998901
-0.05362337827682495
-0.015075058676302433
-0.005156271159648895
0.006847887299954891
-0.005931320134550333
0.008548899553716183
0.011187138967216015
-0.00858148280531168
-0.007318651303648949
0.016848301514983177
0.013236142694950104
0.012681026011705399
-0.0029305836651474237
0.038195665925741196
-0.0018739287042990327
0.005940533243119717
-0.01362917385995388
-0.031096426770091057
-0.03992338106036186
0.011145851574838161
0.041725341230630875
0.01891135983169079
0.02699631080031395
0.03303535655140877
0.005106413271278143
0.009268482215702534
-0.002586809452623129
0.00426028436049819
0.011090176180005074
-0.03036152943968773
-0.022204669192433357
-9.665843390394002e-05
0.027450984343886375
0.04349779710173607
0.025416843593120575
-0.02445787563920021
0.027820900082588196
0.020546460524201393
-0.03609505295753479
0.006869383156299591
0.038359448313713074
0.009886573068797588
-0.0016948503907769918
0.005626873578876257
0.012509891763329506
-0.06186246871948242
-0.02652830258011818
-0.0063311257399618626
0.008058637380599976
-0.0055788420140743256
0.009656807407736778
0.0463741309940815
0.0351298488676548
0.03676007315516472
0.03083079494535923
-0.0034336408134549856
-0.009063026867806911
0.01796150393784046
-0.017156140878796577
-0.0063688624650239944
0.007914352230727673
0.01621915213763714
-0.04181763157248497
0.014742964878678322
0.05606847256422043
0.00392304640263319
0.04865076392889023
0.003882389748468995
0.021403253078460693
-0.006010729353874922
-0.0022376154083758593
0.02315499633550644
-0.01056279893964529
0.003973803948611021
-0.0004412608686834574
-0.0003943644114769995
0.027907053008675575
0.009831554256379604
-0.012716131284832954
0.036209795624017715
-0.05958985537290573
-0.0033263261429965496
0.0032192382495850325
-0.0017288452945649624
-0.042374975979328156
0.012893668375909328
0.02500479482114315
0.008904196321964264
-0.008607004769146442
0.018700528889894485
-0.010630722157657146
0.016467684879899025
0.003553287358954549
0.028433946892619133
0.012863160111010075
-0.00619372446089983
0.0025451986584812403
0.01782413013279438
0.006332388613373041
0.018980633467435837
0.014509692788124084
-0.00795342680066824
-0.01328293513506651
0.006147707812488079
-0.0027531383093446493
0.012599913403391838
-0.004363821819424629
-0.008364713750779629
0.003418808104470372
0.0507025271654129
-0.0011285531800240278
-0.023598210886120796
0.036186449229717255
-0.0015145688084885478
-0.011278741993010044
0.027443109080195427
0.024205543100833893
0.02717260643839836
-0.016074953600764275
-0.004448734223842621
0.0099024698138237
0.006887864321470261
0.005452930927276611
0.03821147233247757
-0.010494489222764969
0.03640162572264671
0.020411210134625435
0.0038573541678488255
0.015251045115292072
0.0024956227280199528
0.01622759737074375
0.0025095236487686634
0.029256772249937057
0.01058963593095541
-0.026973387226462364
0.0032713834661990404
0.005247870925813913
0.0014164084568619728
-0.014039630070328712
0.016059383749961853
0.017435414716601372
0.024284955114126205
0.014572078362107277
-0.002168895909562707
-0.0022907964885234833
0.009661385789513588
0.013161313720047474
0.012314763851463795
0.01119457371532917
0.031100444495677948
0.00708429329097271
0.014730020426213741
0.057178426533937454
0.0029284043703228235
0.016231147572398186
0.010246070101857185
0.047975849360227585
-0.0026134722866117954
0.025437701493501663
0.034575384110212326
0.017728785052895546
-0.009688043035566807
0.013469702564179897
-0.004669990390539169
0.036805350333452225
-0.013622050173580647
-0.010487104766070843
0.019890841096639633
-0.025491219013929367
-0.03875131905078888
0.011534478515386581
0.018544206395745277
-0.016141535714268684
0.013895248994231224
-0.06346890330314636
0.03775220736861229
0.003248245222494006
0.041811130940914154
0.003041607327759266
0.05284304544329643
-0.03444124385714531
0.0017774258740246296
-0.007798390928655863
0.03413713350892067
0.0054490454494953156
0.02462751790881157
0.034750279039144516
-0.0038660208228975534
0.0572906918823719
0.02756393887102604
0.01647241972386837
-0.01170338224619627
0.04224354028701782
-0.03150317072868347
0.0170108862221241
0.016530420631170273
0.0014474069466814399
0.004886800888925791
0.024159951135516167
0.029479751363396645
0.04750837758183479
0.04183993488550186
0.004328399896621704
0.023701924830675125
0.030197754502296448
0.004708923399448395
0.028775686398148537
0.029505053535103798
-0.002966640517115593
0.00891803577542305
0.030646730214357376
-0.0045453328639268875
0.027740878984332085
0.046701062470674515
-0.005067992489784956
0.018925867974758148
0.036620158702135086
0.009709921665489674
-0.0029742729384452105
0.02687445469200611
0.0024030727799981833
0.017775142565369606
0.000898272730410099
0.007503034081310034
0.04127265512943268
0.013270643539726734
0.0457681268453598
-0.008013398386538029
-0.0003702318063005805
0.026452014222741127
-0.01389401312917471
0.04668008163571358
0.021262912079691887
0.01576894335448742
0.00344135076738894
0.0038147582672536373
0.010035518556833267
-0.0026804667431861162
0.012124447152018547
-0.016309985890984535
0.02701190859079361
0.05480635166168213
0.002189109567552805
-0.004856763873249292
0.04430937021970749
0.0018050995422527194
0.0013037046883255243
0.04726938158273697
0.025876931846141815
-0.005231936927884817
-0.01348117459565401
-0.021845532581210136
0.009353282861411572
-0.0006621746579185128
-0.0030477275140583515
-0.008995192125439644
0.006767909042537212
0.0014397000195458531
0.005189922172576189
0.0019550530705600977
-0.03190424293279648
0.03685171529650688
0.007766110822558403
0.01185701321810484
0.023728080093860626
-0.0051416028290987015
-0.005368887912482023
-0.0011994419619441032
-0.016559749841690063
0.007994340732693672
-0.004601825028657913
0.011416338384151459
0.041926003992557526
0.020905768498778343
0.009833041578531265
0.002962342230603099
0.012642481364309788
0.04397054389119148
0.009537427686154842
0.0066714161075651646
0.011930418200790882
0.03169490024447441
-0.0017916238866746426
0.010902447625994682
0.016669856384396553
0.0065887621603906155
0.0033182199113070965
-0.023350022733211517
-0.01652827300131321
0.015026393346488476
-0.0009397903922945261
0.01244170218706131
0.01910533756017685
0.002985231811180711
0.010634522885084152
0.027676356956362724
-0.01244918629527092
0.019423626363277435
-0.0018429836491122842
0.007358180824667215
0.013126625679433346
0.003822100581601262
0.012516004964709282
0.0007985794800333679
-0.026936020702123642
0.014219866134226322
0.013158938847482204
-0.008295857347548008
0.00543538574129343
0.007006805390119553
0.013409506529569626
0.018667520955204964
0.0035361270420253277
0.01327828411012888
0.008213472552597523
0.003808815497905016
0.010317182168364525
0.00636537279933691
0.04872029274702072
-0.0008097267127595842
-0.015449807047843933
-0.01459006778895855
0.02486925944685936
0.005332128144800663
0.034173667430877686
-0.02455631084740162
0.00815759040415287
0.018488049507141113
-0.024757886305451393
0.020892515778541565
0.012096861377358437
0.03801264613866806
0.01038859598338604
0.021530689671635628
0.02275852859020233
0.01444336399435997
0.020740851759910583
-0.005108386278152466
0.0387326143682003
0.012087663635611534
0.011780563741922379
-0.021471325308084488
0.007781700696796179
0.007725727744400501
0.029042959213256836
0.0358552560210228
0.02360330894589424
0.0015373191563412547
0.0369224026799202
0.007654186338186264
0.03720150515437126
0.014919566921889782
0.028031280264258385
0.012585721909999847
-0.014968059957027435
-0.012388923205435276
0.007249846123158932
0.013022058643400669
-0.008828486315906048
0.003510082373395562
0.03666766360402107
0.011115162633359432
-0.006636257749050856
0.004056483041495085
0.011102183721959591
0.022854799404740334
0.012480206787586212
0.02443571947515011
0.028291575610637665
0.00011099091352662072
-0.0017878582002595067
0.012754921801388264
0.010840461589396
-0.0013978772331029177
0.010855017229914665
-0.0015713578322902322
-0.0097376499325037
0.01586163602769375
-0.014002219773828983
0.0020991265773773193
-0.006888306234031916
-0.009633518755435944
0.009039036929607391
0.009705258533358574
-0.007347202859818935
0.018254004418849945
-0.019560417160391808
-0.020369593054056168
0.0012654337333515286
-0.00028107455000281334
0.0038918431382626295
0.025964265689253807
0.020156491547822952
-0.019510170444846153
0.03584243729710579
0.049305595457553864
0.020155247300863266
0.0030410888139158487
0.009868534281849861
0.036097168922424316
0.028847400099039078
0.010905465111136436
-0.02467428892850876
0.02419137954711914
-0.01250291895121336
0.009173649363219738
0.0008499653777107596
-0.0021795399952679873
-0.0010789050720632076
0.0010174810886383057
-0.0070534818805754185
-0.014655728824436665
0.008181346580386162
-0.00020657721324823797
0.01154207345098257
0.025037704035639763
0.029984433203935623
0.025591952726244926
0.010128451511263847
0.021522335708141327
0.01401256863027811
0.026060955598950386
0.005673142150044441
0.002681985031813383
0.009564134292304516
0.005455094389617443
-0.00972081907093525
-0.003908367827534676
-0.0006960934842936695
0.001805866719223559
-0.025142859667539597
0.0038336121942847967
-0.01743350178003311
0.000435129419201985
-0.009523925371468067
0.009781588800251484
0.021368691697716713
0.030974172055721283
0.015514357946813107
0.0052857124246656895
-0.0007560588419437408
0.04131366312503815
0.0076026008464396
-0.0048173763789236546
0.021824562922120094
0.019385505467653275
0.020217150449752808
0.021288832649588585
0.024096034467220306
-0.00021167198428884149
0.007888728752732277
-0.036685314029455185
-0.0022384996991604567
0.017267297953367233
0.015398072078824043
0.001990314805880189
0.020660577341914177
0.004917212296277285
0.019025536254048347
0.007202806882560253
-0.003315933281555772
0.03332412242889404
0.01919892616569996
-0.01166533213108778
0.0028250578325241804
0.041364479809999466
-0.012726820074021816
0.02962072193622589
0.023049525916576385
0.03175054118037224
-0.001454425510019064
0.01659773848950863
-0.03728790208697319
0.0019648082088679075
0.01688392646610737
0.0048652649857103825
0.0202719084918499
-0.027239281684160233
0.006135616451501846
-0.040567945688962936
-0.00040044751949608326
0.05573531240224838
0.043412890285253525
0.036391615867614746
-0.012093143537640572
0.031211089342832565
-0.0051671345718204975
0.04115716367959976
0.05282970145344734
0.005149803124368191
0.031073015183210373
0.00021308190480340272
-0.01938675530254841
0.009313366375863552
-0.020448166877031326
-0.010888274759054184
0.0074580367654562
0.009271304123103619
0.008094101212918758
-0.011014704592525959
-0.02584925852715969
-0.011278705671429634
-0.0008095629746094346
-0.01024626474827528
0.006094994023442268
-0.003174145007506013
-0.005158086773008108
0.01443595252931118
0.0036702542565762997
0.00908899400383234
0.012606034055352211
0.008031673729419708
0.026692340150475502
0.0097561776638031
0.007671763654798269
0.00968001876026392
0.008693617768585682
0.010714533738791943
-0.045855920761823654
0.023986313492059708
0.011421134695410728
0.031977247446775436
0.007392143830657005
0.03204433247447014
-0.002442985773086548
0.015101533383131027
-0.005456987768411636
-0.02099483832716942
0.005690814461559057
0.013315382413566113
0.05595816671848297
0.023653609678149223
0.00661066360771656
0.0021612299606204033
-0.03030957654118538
-0.007343313191086054
-0.0009580168407410383
0.017037978395819664
0.06579083949327469
0.01716063730418682
0.027466289699077606
0.016730638220906258
0.02437634766101837
0.021329158917069435
0.03995300456881523
0.008453847840428352
-0.01437066588550806
-0.004953938536345959
-0.006407591514289379
0.008142892271280289
0.039402075111866
0.022382840514183044
0.01800578646361828
-0.008332701399922371
-0.007901172153651714
0.012703973799943924
0.009593564085662365
0.027539890259504318
0.012964085675776005
0.019957223907113075
0.011585320346057415
0.01619557850062847
0.01841907948255539
-0.004105540923774242
-0.0021773253101855516
0.008492724969983101
-0.008283508010208607
-0.009626364335417747
0.004111895803362131
0.02905980870127678
0.007892189547419548
-0.0145134711638093
0.006284794770181179
0.01361246407032013
0.017370833083987236
0.015175965614616871
0.040832675993442535
-0.019406655803322792
0.00256122718565166
0.03844242915511131
0.05151766538619995
0.02904449589550495
0.04417162388563156
-0.011175800114870071
0.03916687145829201
0.022557873278856277
0.027317360043525696
0.017374182119965553
-0.0365929938852787
0.0027345234993845224
0.022901194170117378
-0.01869264617562294
0.01123775728046894
0.02737208642065525
0.0023598179686814547
0.037814076989889145
0.041937436908483505
-0.02542128413915634
0.0031278172973543406
0.017887188121676445
0.014461694285273552
0.022470474243164062
0.048958670347929
-0.0073663159273564816
-0.0007068064296618104
0.00882057286798954
0.04183301329612732
0.030298344790935516
-0.030855342745780945
-0.020120462402701378
-0.001864332938566804
0.016997119411826134
0.010446329601109028
-0.002947718370705843
0.009918870404362679
6.594957085326314e-06
0.019885163754224777
0.03762856498360634
-0.03845895826816559
0.02948538213968277
0.038402922451496124
0.025218307971954346
0.025919435545802116
0.012405162677168846
0.0009782005799934268
0.03516622260212898
0.01574411429464817
0.014615467749536037
0.028858570381999016
0.050999779254198074
0.012090692296624184
0.028602024540305138
0.013409841805696487
0.06125575304031372
0.014537838287651539
-0.012342589907348156
0.004876464605331421
0.037468500435352325
0.01578700542449951
-0.0010997893987223506
-0.01622241735458374
-0.025721237063407898
0.04223499819636345
0.018755637109279633
0.03955252096056938
0.045257024466991425
0.018574023619294167
-0.006412469316273928
0.015970490872859955
-0.00698004150763154
0.030286969617009163
-0.01088340487331152
-0.011883841827511787
-0.005037358496338129
0.007084494922310114
-0.004118019714951515
0.01161352451890707
0.0016926436219364405
-3.439184001763351e-05
0.006745018996298313
-0.009381458163261414
-0.0007046522223390639
-0.0068984548561275005
0.003494061529636383
0.027309074997901917
-0.0028088479302823544
0.050782304257154465
-0.00913998018950224
0.019734563305974007
0.010216187685728073
-0.016841121017932892
-0.00673199025914073
0.035021740943193436
0.012887196615338326
0.029413383454084396
0.0394425243139267
0.03891796991229057
0.017511622980237007
0.012835005298256874
0.014537391252815723
-0.012446457520127296
-0.006397026591002941
0.024179719388484955
-0.008668214082717896
-0.0058258953504264355
-0.009482777677476406
0.014064522460103035
0.009078670293092728
0.0003501824685372412
-0.006089189555495977
0.04554734379053116
-0.016167381778359413
0.009843668900430202
-0.04676248878240585
0.021968109533190727
-0.011139508336782455
-0.0014556949026882648
-0.013210461474955082
-0.01786535605788231
0.004511757753789425
0.02907463349401951
-0.02336065098643303
-0.004054696764796972
0.003918915055692196
0.02290170267224312
0.02498476207256317
0.03553023189306259
0.003228645073249936
0.02173791266977787
-0.0048690238036215305
-0.014121999964118004
0.024402588605880737
-0.005969238467514515
-0.006922882981598377
0.02588297799229622
0.000396273797377944
0.04415043443441391
-0.03665940463542938
0.008796602487564087
0.012062236666679382
0.02513200230896473
0.03699139878153801
-0.006282825488597155
0.01740517094731331
-0.008126712404191494
0.01546813640743494
-0.0052968100644648075
0.017852963879704475
0.0033390941098332405
0.014663093723356724
-0.010323995724320412
-0.005960391368716955
-0.015403563156723976
0.00028786889743059874
0.042632825672626495
0.023196449503302574
0.023889873176813126
0.00840840395539999
0.015240948647260666
-0.025307979434728622
-0.0028203031979501247
-0.007240806240588427
-0.004166219383478165
-0.013699588365852833
0.003447507508099079
0.015871023759245872
0.027108050882816315
0.03217708319425583
-0.0037586227990686893
0.03054635599255562
0.013836993835866451
-0.001635775901377201
0.02361486665904522
0.04506104812026024
-0.007720994763076305
-0.01569552719593048
0.018019208684563637
0.014471948146820068
-0.004102783277630806
-0.009230277501046658
-9.071361273527145e-05
0.012648398987948895
0.04303314536809921
-0.00334978848695755
0.02418701723217964
0.036499571055173874
-0.012919636443257332
0.02198588103055954
0.00940852239727974
0.035518016666173935
-0.02278582751750946
-0.008096462115645409
0.049689583480358124
-0.008060360327363014
-0.006365315522998571
0.0024880191776901484
0.03141460195183754
0.009499602019786835
0.007921097800135612
-0.00945859495550394
0.010671813040971756
-0.027711549773812294
0.01463946420699358
-0.00852799043059349
0.029031876474618912
0.018598880618810654
0.016679910942912102
-0.00034374784445390105
0.008405842818319798
0.013935423456132412
-0.011375236324965954
-0.008604208938777447
0.016205033287405968
-0.016270408406853676
0.003312766784802079
-0.0259578637778759
0.016378682106733322
0.04379380866885185
0.025352464988827705
0.0031669121235609055
-0.005785306915640831
-0.006818015594035387
0.013823787681758404
0.012735085561871529
-0.02832147851586342
-0.00031862163450568914
0.012164566665887833
-0.00022758555132895708
0.019225310534238815
0.015318871475756168
-0.0054735466837882996
0.034908801317214966
0.047667961567640305
-0.01797330379486084
0.015748245641589165
0.044971294701099396
0.026838453486561775
-0.013612471520900726
-0.0012338549131527543
0.020810583606362343
0.05210798606276512
0.030295172706246376
0.00014739407924935222
0.011683013290166855
-0.004048661328852177
0.01085871271789074
-0.0014662820613011718
-0.009330276399850845
0.0007920449133962393
-0.0010266497265547514
-0.0012180195190012455
0.050782788544893265
0.015949316322803497
0.006302268244326115
0.00036574158002622426
0.025333907455205917
-0.002235238905996084
-0.007314363494515419
0.014182107523083687
-0.0024320727679878473
0.026381367817521095
0.037756286561489105
-0.0011884226696565747
0.014566244557499886
0.042820848524570465
0.016094593331217766
0.035648930817842484
0.020109005272388458
0.012613818049430847
0.007545743603259325
-0.009478384628891945
-0.026182569563388824
-0.015862630680203438
-0.000199625501409173
0.018934670835733414
-2.3835575120756403e-05
0.020821083337068558
-0.0019731298089027405
0.02182174101471901
-0.0020878019277006388
-0.008046027272939682
-0.0013307734625414014
0.015194239094853401
0.04417791962623596
-0.00994451530277729
0.029733732342720032
0.019814403727650642
-0.01255961786955595
0.0428866408765316
-0.004499557428061962
0.03820151463150978
0.009672916494309902
0.02827041782438755
-0.014676721766591072
0.022138692438602448
-0.02848174050450325
0.0017284121131524444
0.015738029032945633
-0.0032339240424335003
0.009535280987620354
-0.011211507022380829
0.02638726495206356
0.012923303991556168
0.012297890149056911
0.01237067487090826
0.0026963003911077976
0.015395458787679672
-0.005219088401645422
0.005758679937571287
-0.0031869583763182163
-0.0038709016516804695
0.004102252423763275
0.04034349322319031
0.00880569126456976
0.02132469415664673
0.01707102730870247
0.029463449493050575
-0.03428887203335762
0.0054096560925245285
0.011455997824668884
0.056957315653562546
-0.03145671263337135
-0.000933017407078296
0.008405812084674835
-0.009884770959615707
0.0024575875140726566
0.032327014952898026
0.02046256512403488
0.02557545341551304
-0.02556600421667099
-0.00718873692676425
0.026324329897761345
0.0032953324262052774
0.029752304777503014
0.022662879899144173
0.0001767079229466617
-0.011057510040700436
0.021383676677942276
0.0005534939700737596
0.05061556026339531
0.005023149773478508
-0.005689063109457493
0.02538667805492878
-0.000823245442006737
0.0035510438028723
0.014516635797917843
-0.007615681737661362
-0.0031670411117374897
0.04972109571099281
0.024713438004255295
0.008138890378177166
0.046216268092393875
0.006282974500209093
0.012208367697894573
-0.02374620921909809
-0.003068073419854045
0.047094911336898804
0.02452453039586544
0.008901440538465977
0.013955283910036087
0.032489851117134094
-0.004259280860424042
0.002429148182272911
-0.011714749969542027
-0.00127568026073277
0.048521436750888824
-0.00545945018529892
-0.01067571435123682
0.021458519622683525
0.013303518295288086
-0.01288108341395855
-0.0645652785897255
0.0008584775496274233
-0.011795575730502605
-0.03519134595990181
0.002348018577322364
0.013599968515336514
0.039704881608486176
0.023343928158283234
0.0165401678532362
-0.006018750369548798
0.011967528611421585
0.007266451604664326
-0.0027645102236419916
0.01580863445997238
0.002962925937026739
0.008613275364041328
0.0052993036806583405
0.005341888405382633
0.00937796849757433
0.003847897984087467
0.0009947147918865085
0.018218671903014183
0.014644169248640537
-0.011157904751598835
-0.0208805613219738
-0.000433197506936267
0.01909646950662136
0.005838500335812569
0.05959152802824974
0.0004138835647609085
-0.004978889133781195
-0.018329259008169174
0.009310701861977577
-0.021584516391158104
0.0008855166961438954
0.004150487016886473
-0.011864066123962402
-0.023470673710107803
0.011335671879351139
-0.0028767588082700968
0.020236104726791382
0.00819350779056549
-0.0006265084375627339
0.011613319627940655
0.015691909939050674
0.005985470954328775
-0.0032974407076835632
-0.006213822402060032
-0.004301479086279869
0.003709059441462159
0.026782356202602386
0.01894344389438629
0.011732813902199268
-0.00742389215156436
0.006717488169670105
-0.015497764572501183
0.02967667020857334
0.0061543723568320274
0.00524841109290719
-0.0012886698823422194
0.016136910766363144
0.008821224793791771
0.01285348180681467
0.02198045887053013
0.0012643120717257261
0.0010320874862372875
0.02426832541823387
0.04831840470433235
-0.004674287047237158
-0.00363160134293139
0.06308609992265701
0.012151453644037247
-0.010344748385250568
0.02210453897714615
-0.00032674966496415436
-0.0015762130497023463
0.007747026160359383
0.016196735203266144
0.019365286454558372
0.007687823381274939
0.004537371452897787
-0.004112826194614172
0.004735125228762627
0.0044458890333771706
-0.002049966249614954
0.018578574061393738
0.021407408639788628
0.01286186184734106
0.012735976837575436
-0.004599216394126415
0.021903453394770622
0.02398667484521866
-0.01222971174865961
0.0076772719621658325
-0.012565337121486664
-0.00643637590110302
0.056264478713274
-0.049945615231990814
0.009552176110446453
0.017060523852705956
0.010770107619464397
0.0006128317327238619
0.015544378198683262
-0.01478651724755764
0.02672957442700863
0.01897420361638069
0.010760337114334106
-0.006476038135588169
0.012345491908490658
0.007745951879769564
-0.014462446793913841
0.028950588777661324
-0.0017815276514738798
0.0018538977019488811
-0.00022077051107771695
0.021323667839169502
-0.022759074345231056
0.023414216935634613
0.007764364127069712
0.02005627565085888
-0.01455651968717575
0.010003236122429371
0.019715556874871254
0.03718305751681328
-0.014638450928032398
0.0011397097259759903
-0.0055529288947582245
0.019674938172101974
0.01492821704596281
0.015191148966550827
0.013660009950399399
0.020151203498244286
0.0016869294922798872
-0.020967045798897743
-0.011273232288658619
-0.02070978842675686
0.00985830370336771
-0.010932241566479206
0.0358123704791069
0.002852768637239933
0.03989424183964729
0.011287841945886612
0.026364903897047043
0.03797180950641632
0.0470077283680439
0.020662419497966766
0.030518367886543274
0.02984107844531536
0.017658773809671402
0.008509943261742592
0.01005349587649107
0.0007146070711314678
0.06430073827505112
0.002819347893819213
0.009920155629515648
-0.002267108764499426
0.006919555831700563
0.04669730365276337
0.025797178968787193
-0.007711530197411776
0.013680698350071907
0.013804442249238491
-0.004562042187899351
0.008595798164606094
0.017049890011548996
0.03148479759693146
0.004685539286583662
0.017582450062036514
0.013641574420034885
0.022213922813534737
0.014595789834856987
-0.03295110911130905
0.02067711390554905
0.03033013828098774
-0.005832608323544264
-0.00830276682972908
0.0007753546233288944
0.027203690260648727
0.035446006804704666
-0.004827758762985468
0.0386253297328949
0.011410086415708065
-0.0009800269035622478
-0.005597155075520277
-0.05730392038822174
-0.002004553098231554
-0.011818725615739822
-0.005069558043032885
-0.01094550359994173
0.017933716997504234
-0.016689283773303032
0.00010453376307850704
0.013168704695999622
0.03617293760180473
0.009858221746981144
-0.006456180475652218
0.023401185870170593
0.008261565119028091
-0.007400547154247761
-0.0012243851087987423
0.05010373145341873
-0.008855569176375866
0.015466145239770412
0.012518476694822311
0.015561372973024845
0.008752035908401012
0.008919348008930683
0.018541686236858368
0.019904151558876038
0.013269362971186638
0.019396426156163216
-0.02282869815826416
0.045693304389715195
0.03268826752901077
-0.013544187881052494
-0.006217023823410273
0.018565848469734192
0.012484235689043999
0.03426716849207878
0.0330822728574276
-0.003344994504004717
0.00788432452827692
0.0038936762139201164
0.03151138499379158
0.009722969494760036
0.013955946080386639
-0.006347335875034332
0.04239828139543533
0.02359258569777012
-0.00988402497023344
0.0373891182243824
-0.011012516915798187
0.035179127007722855
0.03463565185666084
-0.004915229044854641
-0.01271879207342863
0.006544522009789944
0.019503500312566757
0.027525747194886208
-0.020725315436720848
0.042005013674497604
0.010962423868477345
0.001398727879859507
0.00838480331003666
0.05795278400182724
0.0038808733224868774
-0.011773234233260155
0.0025328139308840036
0.028276437893509865
0.01096364576369524
0.017038457095623016
0.01925099641084671
-0.012227541767060757
0.036025021225214005
-0.018863463774323463
0.015704263001680374
0.02116541750729084
0.03130677342414856
0.018743742257356644
0.021967148408293724
0.037267763167619705
0.01578003540635109
-0.01866777054965496
-0.0009681479423306882
0.02020086906850338
0.021149732172489166
0.028389832004904747
0.04086553305387497
0.017833102494478226
0.013256373815238476
0.029734503477811813
0.0048048729076981544
-0.010508236475288868
0.039881885051727295
-0.011189764365553856
-0.0006189372506923974
0.024554211646318436
-0.0031966862734407187
0.039918452501297
0.016927558928728104
0.03961110860109329
0.0033563862089067698
0.024537131190299988
0.01463152002543211
-0.0017686057835817337
-0.03185637667775154
0.009242583066225052
0.010931047610938549
-0.011556290090084076
-0.009478890337049961
-0.003963475115597248
-0.011371099390089512
0.04926808178424835
0.030932238325476646
0.006080275401473045
0.012101296335458755
0.008737959899008274
0.023885738104581833
0.012483998201787472
-0.0021789155434817076
0.008811211213469505
0.022097136825323105
0.0035516938660293818
0.009436024352908134
-0.006004320923238993
0.012447554618120193
0.02057729661464691
0.01939433068037033
-0.004753507673740387
0.028039485216140747
-0.011339790187776089
0.004802880343049765
-0.001304884091950953
0.01900629699230194
-0.019871845841407776
-0.0033457328099757433
0.00512072304263711
0.019618576392531395
0.005365720484405756
0.01679898612201214
0.0006623544031754136
0.01966811530292034
0.022000785917043686
0.006639188155531883
0.038759373128414154
-0.019563710317015648
-0.0004489525454118848
-0.03423231840133667
0.02361416257917881
0.027879182249307632
-0.017893273383378983
0.03148791566491127
-0.030843175947666168
0.03396540507674217
0.008024998009204865
0.010167734697461128
0.012460360303521156
0.03741537034511566
-0.0006734767812304199
0.009982850402593613
0.0029394137673079967
-0.02686244621872902
-0.005795332603156567
0.03114945814013481
0.028782298788428307
-0.013322259299457073
0.021266791969537735
-0.017778154462575912
-0.0013894715812057257
0.013380635529756546
0.012555594556033611
0.03444194793701172
0.0220491960644722
0.004128885455429554
-0.00953686609864235
-0.007134106010198593
0.02244848944246769
-0.01511695422232151
-0.00043738409294746816
0.023709725588560104
0.006670030765235424
0.0027609693352133036
0.016942815855145454
-0.03559234365820885
0.01604778878390789
0.0034079926554113626
0.007281639147549868
0.0024592967238277197
0.012321474961936474
0.04210500419139862
-0.011539267376065254
-0.005417704116553068
0.014625786803662777
0.012374450452625751
0.00046715079224668443
0.05200367048382759
0.00890698004513979
-0.01662447303533554
-0.011849779635667801
-0.008576106280088425
0.038420964032411575
0.006096537224948406
0.03953763097524643
-0.0090322345495224
-0.0025474100839346647
0.021777061745524406
-0.013565453700721264
-0.027190908789634705
-0.004179145209491253
-0.027235887944698334
-0.03130403906106949
0.008323726244270802
0.006676925346255302
-0.0007773717516101897
0.013753173872828484
0.006843359209597111
0.020380234345793724
0.008060945197939873
0.027144957333803177
-0.01062067598104477
0.046106062829494476
0.01902073808014393
0.021269595250487328
0.011115575209259987
-0.0018822780111804605
0.0032413562294095755
0.02775535359978676
0.044126130640506744
0.031095022335648537
0.010092196986079216
0.00738340150564909
-0.01652349717915058
0.02644779533147812
0.02507493458688259
0.0026775356382131577
-0.025975016877055168
0.03406883403658867
0.02418786846101284
0.0017040867824107409
0.0034041611943393946
-0.0009495815611444414
0.0036345587577670813
0.007866383530199528
0.006094243377447128
0.015449710190296173
0.020763635635375977
0.015261951833963394
0.009723810479044914
-0.009238766506314278
-0.00020309252431616187
0.01161810290068388
0.023992260918021202
0.0209299735724926
0.019061634317040443
-0.004599696956574917
-0.0050766924396157265
0.015608564019203186
0.021084550768136978
0.041040193289518356
-0.008323576301336288
-0.026102503761649132
-0.045820191502571106
0.03447693958878517
0.026654884219169617
0.015384453348815441
-0.006149467546492815
-0.0022782126907259226
0.03037402592599392
0.0050011323764920235
-0.006051535252481699
0.013711657375097275
0.020459361374378204
0.021294623613357544
0.0008789239800535142
0.03189743682742119
-0.0062272013165056705
0.015948276966810226
0.007297995965927839
0.02963308058679104
-0.001422475790604949
0.01340186595916748
0.0006276243948377669
0.04898183047771454
0.006493440363556147
0.007038073614239693
0.008968948386609554
-0.004924868233501911
0.009658840484917164
0.0037772601936012506
0.024761151522397995
-0.02234475500881672
0.015270739793777466
-0.005852177739143372
0.02607054077088833
0.03100421465933323
-0.02917179837822914
0.015347404405474663
0.004062360618263483
0.017202841117978096
0.01764921098947525
0.012076698243618011
-0.004515708889812231
-0.00039037992246448994
-0.012192046269774437
0.01620231196284294
-0.010368510149419308
0.026028690859675407
-0.00663781026378274
0.03001730889081955
-0.016458682715892792
0.0049424744211137295
0.006225798279047012
0.004717720206826925
0.021629201248288155
0.006445611827075481
0.002854560734704137
0.010331304743885994
0.01783570647239685
-0.004657115787267685
-0.0037584705278277397
-0.005063988734036684
0.06452588737010956
0.009675743989646435
0.03131081163883209
-0.007610643748193979
0.004977660719305277
0.011117080226540565
0.01340434793382883
0.03494858369231224
0.011540326289832592
-0.00805111788213253
0.01677081733942032
-0.002178461756557226
-0.004527835641056299
-0.019686352461576462
0.057878825813531876
-0.009098836220800877
0.012855051085352898
0.0106947161257267
-0.03581049293279648
-0.0157750453799963
0.03637801483273506
0.011088695377111435
0.058929331600666046
-0.0010513643501326442
-0.001162737957201898
0.058686718344688416
-0.013897552154958248
0.00011774324957514182
0.06167527660727501
0.014735746197402477
0.00318155181594193
-0.025010135024785995
0.038003772497177124
0.011521157808601856
0.03938768059015274
0.023362234234809875
0.0010523892706260085
0.0302916057407856
-0.003029234940186143
-0.011849635280668736
-0.006054792553186417
0.0042380415834486485
-0.0073715136386454105
0.012581486254930496
-0.017580833286046982
0.031827665865421295
0.011525445617735386
0.009017782285809517
0.03263625502586365
0.00872806180268526
-0.02012735605239868
0.00832445826381445
0.026029925793409348
0.001695204176940024
-0.007653919514268637
0.007285540923476219
-0.02517198771238327
-0.009235261939466
0.02257084660232067
-0.010109679773449898
0.04730631411075592
0.004357439465820789
0.016102522611618042
0.008623803965747356
0.011854381300508976
-0.010327629745006561
0.013575700111687183
0.006816457025706768
0.0006072096875868738
0.00371249089948833
-0.012450202368199825
0.03158874064683914
0.007130590733140707
0.013132629916071892
0.012101657688617706
0.0632459744811058
0.07073263078927994
-0.0034659358207136393
0.004137788899242878
0.002433557529002428
0.014082387089729309
0.0032332497648894787
0.013298271223902702
0.011865819804370403
-0.023114614188671112
0.024961089715361595
0.016612408682703972
0.0026717360597103834
-0.02045009657740593
0.019975993782281876
0.005151478108018637
0.014129063114523888
0.01422684546560049
-0.027181947603821754
0.03991270810365677
0.012888109311461449
0.037787068635225296
0.011798983439803123
-0.005040266085416079
0.01262148842215538
0.007189898286014795
0.003726049093529582
0.006018554791808128
0.002195410430431366
-0.010779916308820248
0.01105866301804781
0.004519792273640633
-0.0026369597762823105
0.0440538190305233
0.01981307752430439
0.003939895424991846
0.008697486482560635
0.02057887427508831
0.005839921534061432
-0.0018490523798391223
-0.0012175914598628879
0.01716770976781845
0.006435774266719818
-0.00981583446264267
-0.00991208478808403
0.004605695605278015
0.025865506380796432
-0.010446034371852875
0.04067040979862213
-0.005501618608832359
0.054379090666770935
-0.025247924029827118
0.007409455254673958
-0.00878877192735672
-0.00697404146194458
0.024916842579841614
0.00695519894361496
0.002714575035497546
0.020193837583065033
0.016698405146598816
0.0038350068498402834
-0.0035766346845775843
0.004675677511841059
0.012681443244218826
-0.005805058404803276
0.01586904376745224
-0.005536799784749746
0.016153324395418167
0.03837896138429642
0.0017654133262112737
0.029315728694200516
0.012853036634624004
0.03345847874879837
0.004384385887533426
0.003652630839496851
0.0060953414067626
-0.0003237184137105942
0.0005169486976228654
0.04988058656454086
0.010222883895039558
-0.08448193967342377
0.0005673774867318571
-0.008875318802893162
0.013544311746954918
-0.010725860483944416
-0.003443832276389003
-0.012299098074436188
0.02321113459765911
0.003703060559928417
0.009336035698652267
0.01242393534630537
-0.02175244130194187
0.00414302060380578
-0.0117661627009511
0.042743533849716187
0.004392091650515795
0.040475741028785706
-0.01675575226545334
0.015036958269774914
-0.012586049735546112
0.008035470731556416
0.004683788400143385
-0.020439956337213516
0.012762843631207943
-0.007511826232075691
-0.01365408580750227
-0.007116108667105436
0.02811330184340477
0.012362421490252018
0.004550551064312458
0.003031502477824688
0.00271469890139997
0.00900258682668209
0.0160461887717247
-0.014973199926316738
0.021209510043263435
-0.013656040653586388
0.03738163784146309
-0.00781530886888504
0.012582642026245594
0.04069063812494278
0.023473482578992844
0.05139419436454773
0.025627512484788895
0.010897008702158928
0.014425975270569324
-0.024407120421528816
0.009946439415216446
0.013818581588566303
-0.019661273807287216
0.017846068367362022
0.008298378437757492
0.03236573562026024
0.017997030168771744
-0.03600630164146423
-0.034317344427108765
-0.0008223031181842089
0.010113049298524857
0.0009282514220103621
0.008837354369461536
0.030204279348254204
0.02844218723475933
-0.007173947524279356
0.035418298095464706
-0.01881585828959942
0.04167098551988602
0.017573487013578415
-0.0195474773645401
-0.004241818096488714
0.05503689870238304
-0.003542952938005328
0.04202424734830856
0.02967298962175846
-0.008110761642456055
0.022914502769708633
0.02469007670879364
-0.010558497160673141
0.027336781844496727
-0.0010614542989060283
0.0058518643490970135
-0.011598825454711914
0.050731539726257324
0.02734760008752346
0.020364360883831978
-0.008126264438033104
0.010719003155827522
-0.003345316741615534
0.0021835113875567913
-0.004253860097378492
0.012830549851059914
0.0022591575980186462
0.003726694965735078
0.013580103404819965
0.016198985278606415
-0.03506508469581604
0.043188005685806274
0.05428365245461464
0.05576442927122116
0.006301515270024538
0.004889836069196463
0.0065153916366398335
-0.00909967627376318
2.6358276954852045e-05
0.020107869058847427
0.010318992659449577
0.015198567882180214
0.011818412691354752
-0.0033171188551932573
-0.04547083377838135
0.02542410045862198
0.008620024658739567
0.02389109693467617
0.03334193304181099
0.0064617241732776165
0.024790767580270767
0.027490658685564995
0.019453004002571106
-0.03690263256430626
0.01522686518728733
0.018546465784311295
0.021455051377415657
-0.024762175977230072
0.03381652012467384
0.018379060551524162
0.005985940340906382
0.004289979115128517
0.02507144585251808
0.016896650195121765
0.03813428431749344
-0.00916973315179348
0.00876055471599102
0.016106313094496727
0.027266988530755043
-0.003199813887476921
0.0025129318237304688
0.03599820286035538
0.005855300929397345
-0.006715352647006512
0.008963054046034813
0.00561646418645978
0.008543511852622032
0.0017068058950826526
-0.003465081797912717
-0.0137283680960536
0.03435199335217476
0.013775784522294998
-0.0018775206990540028
-0.017914045602083206
0.014432117342948914
0.0018603012431412935
0.0026029960718005896
-0.007195029873400927
0.040827810764312744
-0.028326746076345444
0.017082203179597855
-0.006860577035695314
-0.009802006185054779
-0.0009232489974237978
-0.009094233624637127
0.025943750515580177
0.014374096877872944
0.009834378026425838
-0.035556480288505554
0.008420318365097046
-0.0012916084378957748
0.02882751263678074
-0.005238360725343227
0.010408190079033375
0.043688371777534485
0.029319019988179207
0.004754045978188515
0.017169715836644173
-0.010783041827380657
-0.007426950614899397
0.02670218050479889
0.030054017901420593
0.006876250263303518
-0.02144428715109825
0.02549329586327076
-0.00385239627212286
0.007472933270037174
0.03798506036400795
0.02509598806500435
0.032876014709472656
0.0010272662620991468
0.005474066361784935
-0.02031930908560753
0.01614956371486187
0.0231741014868021
-0.000925692729651928
0.00344828306697309
0.036024995148181915
0.019857799634337425
0.016667131334543228
0.0393596813082695
-0.011345512233674526
-0.0005901154363527894
-0.01591384969651699
0.007066413760185242
0.007539101876318455
0.007296365685760975
-0.02305854670703411
0.008798675611615181
-0.010227901861071587
0.007343159057199955
-0.010499991476535797
0.019222840666770935
0.017820660024881363
-0.009595412760972977
0.017343752086162567
-0.00895611196756363
-0.0037811899092048407
-0.02065945230424404
0.03164513409137726
0.0038163254503160715
0.015280213207006454
-0.00015894083480816334
0.04108840599656105
-0.00038020103238523006
0.010597926564514637
-0.0041316356509923935
0.008081654086709023
-0.012387881986796856
0.029634619131684303
0.05067332088947296
0.012552648782730103
0.025539562106132507
0.006265697069466114
0.002464715391397476
-0.005231654271483421
-0.004505511373281479
-0.0064769466407597065
0.03166758641600609
0.009175490587949753
0.010033034719526768
0.006053893826901913
0.01220891997218132
0.005549726076424122
0.011699579656124115
0.05602892488241196
0.02176188863813877
-0.01692548580467701
-0.0281247328966856
-0.00028306213789619505
0.04267079010605812
0.052983060479164124
0.0046751294285058975
0.011337613686919212
0.023404229432344437
0.022088680416345596
0.017438450828194618
-0.0035349575337022543
-0.0051913815550506115
0.020043067634105682
0.001346428645774722
0.01263121422380209
0.006959961261600256
0.03930232301354408
0.022399667650461197
0.009200536645948887
0.02358527109026909
-0.014653285034000874
-0.008261180482804775
0.024811891838908195
0.013318209908902645
0.013792493380606174
-0.0003654940810520202
0.006504272576421499
0.0003206677793059498
0.01400061510503292
0.02787860669195652
0.013987302780151367
0.02431683987379074
-0.01886012591421604
0.014178257435560226
-0.003164679976180196
0.003260855097323656
0.010136659257113934
0.016323890537023544
0.024983208626508713
-0.014125285670161247
0.0029759935569018126
0.01711680367588997
0.0044444953091442585
7.300879224203527e-05
0.014995572157204151
0.011115203611552715
-0.005741060711443424
0.029234830290079117
0.006445681676268578
-0.001914903288707137
0.008551730774343014
-0.003661524038761854
-0.010364525020122528
0.0077574471943080425
0.0035225721076130867
0.026104653254151344
0.030554059892892838
0.015027988702058792
0.002155618742108345
0.004857440944761038
-0.00210572755895555
-0.001424933085218072
0.01259778905659914
-0.000663654413074255
-0.00899645034223795
0.02456105314195156
0.0026632093358784914
0.03756454214453697
-0.009897100739181042
-0.02102774567902088
0.0009629045962356031
-0.009925460442900658
0.006703523453325033
0.047223594039678574
0.025284046307206154
0.03387954831123352
-0.014884548261761665
0.011960058473050594
0.040230534970760345
0.004495252389460802
0.005935127381235361
0.05074971169233322
0.0345454104244709
0.006503422278910875
-0.017073484137654305
0.04408459737896919
0.007400821428745985
0.029249606654047966
0.041250839829444885
-0.012585129588842392
0.0451694056391716
0.017060954123735428
0.006193601060658693
-0.031570058315992355
0.03596029058098793
0.02701331488788128
0.022293036803603172
0.024735672399401665
-0.01444525457918644
0.024657750502228737
0.010890224017202854
0.029269598424434662
0.020962921902537346
0.025239398702979088
-0.005928114987909794
-0.026900937780737877
0.04055767506361008
-0.003165304195135832
-0.00038456698530353606
0.0008970288326963782
0.006688069552183151
-0.004166644997894764
0.028304262086749077
-0.018085377290844917
-0.0005187635542824864
0.011173357255756855
0.0026584044098854065
-0.016372378915548325
0.008063297718763351
0.0051136622205376625
-0.005350710824131966
-0.017003890126943588
0.007429495919495821
0.01671408675611019
0.020368363708257675
0.028416264802217484
0.03048788383603096
0.016923297196626663
-0.004883799701929092
0.029963461682200432
-0.0017834639875218272
0.025144075974822044
0.02546343021094799
0.004113615490496159
0.04470901936292648
-0.0034440767485648394
0.0047842166386544704
-0.005195094738155603
0.03327095881104469
0.05276954919099808
0.009124516509473324
0.012569311074912548
-0.0009386093588545918
0.015169658698141575
-0.008837669156491756
0.027869701385498047
0.024003328755497932
0.03413211554288864
-0.009670058265328407
-0.005084577016532421
0.0013248040340840816
0.020148098468780518
0.032227564603090286
0.006019232794642448
0.015876639634370804
0.01950356550514698
0.0037642254028469324
0.001775803859345615
0.011092457920312881
0.015764690935611725
-0.046092916280031204
0.003043476492166519
-0.002951321192085743
0.021866559982299805
-0.0056381854228675365
-0.009295366704463959
0.03499062731862068
0.003099045716226101
-0.00887554232031107
0.03408470004796982
-0.000851418764796108
0.01958124339580536
-0.00016870646504685283
0.044471338391304016
0.03190099075436592
0.012607472017407417
0.005970899481326342
0.016440676525235176
0.027284450829029083
0.005859612952917814
-0.012064175680279732
0.03345515951514244
0.02879244275391102
0.010042273439466953
0.014685728587210178
0.03713524714112282
-0.019466523081064224
0.004600947257131338
0.003606462851166725
-0.0026846877299249172
0.01763950288295746
-0.0009071702952496707
0.02100621722638607
0.01768501102924347
-0.0011079686228185892
0.009386471472680569
-0.003251557005569339
0.022989187389612198
0.0033110047224909067
0.04155977442860603
0.000902429164852947
0.023532265797257423
0.01509190071374178
-0.0004628385358955711
-0.02636554092168808
0.04755578935146332
0.020575225353240967
-0.014581689611077309
0.0029970102477818727
-0.00467827171087265
0.009071631357073784
0.01901046186685562
0.037571970373392105
-0.012191415764391422
0.03752310574054718
0.007038597483187914
-0.0007782142492942512
-0.007505717221647501
0.03585778921842575
0.017720850184559822
-0.014542704448103905
0.020904265344142914
-0.010901086032390594
-0.006275034509599209
0.024419497698545456
0.0035123226698487997
0.0020999033004045486
0.011458120308816433
0.0083497678861022
0.0026134594809263945
0.010434864088892937
0.017766742035746574
0.003084799973294139
0.0679127499461174
0.019936896860599518
-0.009344819001853466
0.022378260269761086
-0.004061658401042223
0.0054726735688745975
0.0011954521760344505
0.006594713777303696
-0.0007546280394308269
0.022101007401943207
0.016809631139039993
0.014741504564881325
0.015618364326655865
0.01384134590625763
-0.002525586634874344
-0.01091924961656332
-0.008638355880975723
0.0030175084248185158
0.022865260019898415
0.024665048345923424
0.015540113672614098
0.03092307224869728
0.030047785490751266
0.00941257644444704
-7.427915261359885e-05
0.016910815611481667
-0.008373771794140339
0.03193351626396179
0.03831149637699127
0.014250214211642742
-0.0014460398815572262
0.021230027079582214
0.05078849568963051
0.028034914284944534
0.05300142988562584
0.0004732614615932107
0.017798734828829765
0.000830500794108957
0.02591589279472828
-0.03327333554625511
0.009333780035376549
0.03898603841662407
-0.008052904158830643
0.00675200903788209
0.016922496259212494
-0.007601077668368816
-0.004826064221560955
0.001277521369047463
0.018972354009747505
0.030464043840765953
0.014888167381286621
-0.003025501500815153
0.03641882538795471
-0.0006431519286707044
0.008978920057415962
-0.00021830419427715242
-0.0329759381711483
0.00767345167696476
0.006494658533483744
-0.024370191618800163
0.02698242850601673
0.017702998593449593
-0.002335190074518323
0.026820827275514603
0.004205505829304457
-0.01638352870941162
-0.001215291558764875
-0.02112877555191517
0.0032780778128653765
0.02770581841468811
0.00898662768304348
-0.023911070078611374
0.014169707894325256
0.028086204081773758
0.0577448271214962
0.004094600677490234
0.021404175087809563
0.04682261869311333
0.004998930264264345
0.0074895936995744705
-0.005038584116846323
0.017874687910079956
0.013411369174718857
0.033177416771650314
0.025195511057972908
-0.019120732322335243
0.04520139470696449
-0.019566336646676064
0.012754447758197784
-0.00818242970854044
0.044677067548036575
0.005301776807755232
0.014814158901572227
0.00678400369361043
0.035810038447380066
0.012233082205057144
-0.02577541023492813
0.006376832257956266
0.011802615597844124
0.01633146032691002
0.023719608783721924
-0.008454847149550915
0.025499064475297928
0.06741583347320557
0.029407985508441925
0.0030503699090331793
0.024415940046310425
-0.01769033819437027
-0.004352465271949768
-0.017214002087712288
-0.03164887800812721
0.029328612610697746
-0.015655919909477234
-0.006722496822476387
0.058535393327474594
-0.03766162693500519
-0.017198333516716957
0.01780903898179531
0.027050543576478958
-0.003136982675641775
-0.0035405775997787714
0.03593356907367706
0.013259763829410076
0.011304115876555443
0.020267663523554802
0.022207725793123245
0.0019426173530519009
0.011870298534631729
-0.00427209259942174
-0.014744643121957779
0.018267078325152397
0.026986904442310333
0.009610654786229134
0.03160461410880089
0.05461682006716728
0.02296525426208973
0.01269390620291233
0.019631296396255493
0.011411086656153202
0.02772139385342598
0.006343786139041185
0.0031473259441554546
-0.0011584952007979155
-6.247182682272978e-06
0.03080318309366703
0.013035017065703869
-0.004845315124839544
0.003787555266171694
0.01665894128382206
0.016956137493252754
0.05334947258234024
0.022745098918676376
0.06765704602003098
0.012890498153865337
0.004463177174329758
0.014003781601786613
0.011250517331063747
0.018912235274910927
0.01883452571928501
0.006770901381969452
0.05203397572040558
0.015354440547525883
0.02811708115041256
-0.011939911171793938
0.00222134031355381
-0.011522897519171238
0.048382826149463654
0.01803688518702984
0.061254289001226425
0.0006694699986837804
0.05036040022969246
0.005364842712879181
0.0194840244948864
-0.04938341677188873
0.019952669739723206
-0.00985137652605772
-0.027062034234404564
0.02737565152347088
0.017304597422480583
-0.027781065553426743
-0.014160029590129852
0.003761483123525977
0.011597290635108948
0.003803126746788621
-0.020501205697655678
0.0174240842461586
-0.010822566226124763
0.005257257726043463
0.010503774508833885
0.017394309863448143
0.04182339459657669
0.006654283031821251
0.007848545908927917
-0.06060219928622246
0.02952573262155056
0.0021026383619755507
0.00402632774785161
0.008198271505534649
0.021253984421491623
-0.022189198061823845
-0.010469871573150158
-0.003951656632125378
0.04968847334384918
-0.011291570961475372
0.0005701135378330946
0.04750874638557434
0.013700423762202263
0.03414146229624748
0.03784991428256035
-0.02000347711145878
0.00016411666001658887
-0.006146087311208248
0.00027041518478654325
0.03169148787856102
0.007029238156974316
0.00020536374358925968
0.009484232403337955
0.027466751635074615
0.0059360903687775135
0.013639368116855621
0.006631937343627214
0.00978404562920332
0.04234546795487404
0.011626914143562317
-0.00722571462392807
0.011652047745883465
-0.011650502681732178
0.0015841498970985413
0.007032045628875494
0.021802861243486404
0.01088348776102066
0.001215041964314878
0.00029093408375047147
-0.010276147164404392
0.021988272666931152
0.0023930969182401896
0.029153520241379738
-0.0010034776059910655
0.01821454055607319
0.04181264340877533
-0.011549124494194984
0.04549124464392662
0.04534114897251129
-0.012270288541913033
0.003608033526688814
0.01516288984566927
-0.012903540395200253
0.006861967500299215
0.00641907611861825
-0.006125326734036207
0.031549591571092606
0.00890710111707449
-0.0029938265215605497
0.019589506089687347
0.008160804398357868
0.03031378611922264
0.003699515713378787
0.06131399795413017
0.008265413343906403
0.004626478999853134
0.000706280639860779
0.03864863142371178
0.023730143904685974
0.0473523885011673
-0.0043235174380242825
0.011494319885969162
0.024777987971901894
0.012584825977683067
0.025797663256525993
-0.02430461347103119
0.015017082914710045
0.027075083926320076
0.03745800256729126
0.03068288043141365
0.0015954729169607162
-0.02349885366857052
0.027715900912880898
0.0022476741578429937
-0.01683182828128338
0.02794545516371727
0.003928584512323141
0.0069452375173568726
0.012769283726811409
0.048234328627586365
0.02621765434741974
-0.010540277697145939
0.026187215000391006
0.007540249265730381
0.008186986669898033
-0.008862519636750221
0.012507063336670399
0.0023908684961497784
-0.04033965989947319
0.03327334672212601
0.019325824454426765
0.036849599331617355
-0.007561921142041683
0.02449517510831356
0.017885742709040642
0.021867837756872177
-0.0064073968678712845
0.011595339514315128
-0.003720045555382967
0.03016798570752144
0.022180607542395592
0.005251763854175806
0.020780310034751892
0.019358724355697632
0.01087312214076519
-0.027588864788413048
-0.001804244238883257
0.013109547086060047
0.002839005319401622
0.0424114391207695
0.0269079077988863
0.04287862032651901
-0.021534180268645287
-0.02480846643447876
0.007421647198498249
0.009667101316154003
0.014653937891125679
0.042698755860328674
0.022460415959358215
0.009237868711352348
0.029548684135079384
0.009675148874521255
0.011749401688575745
0.02876467816531658
0.042463984340429306
0.008381715044379234
-0.019265973940491676
0.035150401294231415
0.0028939207550138235
0.00481893727555871
-0.00874506775289774
0.028224200010299683
-0.0044701844453811646
-0.0039842319674789906
0.020998703315854073
0.013149571605026722
-0.0058208005502820015
-0.013867190107703209
0.01847093179821968
0.01096461620181799
0.016539162024855614
0.011429917998611927
-0.023130279034376144
-0.0038472230080515146
0.005791814066469669
0.012547790072858334
-0.015132914297282696
-0.006759114097803831
0.020359214395284653
0.017448749393224716
0.004489232320338488
0.037875108420848846
0.01838025450706482
-0.010682106018066406
0.008552120998501778
0.003983455244451761
-0.05784203112125397
-0.028287729248404503
0.010784097947180271
0.0294481310993433
0.020150482654571533
0.011176790110766888
0.004653051495552063
0.003456366015598178
0.03873872756958008
-0.028231514617800713
0.02117779664695263
0.007320863660424948
0.024209225550293922
0.014103736728429794
-0.017013661563396454
0.0014851357555016875
0.0133493822067976
0.015972759574651718
-0.010359988547861576
0.010221414268016815
-0.0015386213781312108
0.01625792123377323
0.0033313538879156113
0.006549610290676355
-0.006297931540757418
0.06391726434230804
0.005864230450242758
-0.024530133232474327
-0.011700021103024483
0.004209323786199093
-0.02919650264084339
-0.014858204871416092
0.02188994362950325
-0.0020117631647735834
-0.0024621840566396713
0.016384439542889595
-0.0010383579647168517
0.021268807351589203
-0.013940103352069855
-4.711307701654732e-05
0.025090191513299942
0.02875577099621296
0.005035876762121916
0.013708066195249557
0.005149520467966795
0.020314427092671394
-0.013001649640500546
0.028834527358412743
-0.0027007954195141792
0.04522893205285072
-0.07076041400432587
-0.005993919912725687
0.048049718141555786
0.00012115637946408242
