0.40338799357414246
0.3777942359447479
0.4643615782260895
-0.32276368141174316
0.39395564794540405
-0.3953235149383545
0.3950970470905304
-0.5495690703392029
0.26928654313087463
-0.7602193355560303
-0.3507794439792633
0.23343612253665924
-1.3239450454711914
-0.16935062408447266
0.39379027485847473
-0.10257558524608612
0.04603290930390358
-0.6995018720626831
0.15494802594184875
0.5628073811531067
0.3011382520198822
0.34252938628196716
0.10733295977115631
0.46505284309387207
0.12947751581668854
0.07882677018642426
-0.04919179901480675
-0.5637744069099426
0.14650948345661163
-0.38904887437820435
-0.07145468890666962
0.06487961858510971
0.27682530879974365
0.3279474079608917
0.5682369470596313
-1.2640222311019897
-0.8368082642555237
-0.9484993815422058
0.13577120006084442
0.2726755142211914
0.18407875299453735
-0.5325408577919006
0.35074225068092346
-0.08268310874700546
-1.024826169013977
-0.6911686658859253
-0.771106481552124
0.2612268328666687
0.40332892537117004
-0.480187326669693
-0.3065662682056427
0.5807414054870605
-1.33254873752594
0.4843849837779999
-0.8160257339477539
0.23858796060085297
0.22998207807540894
0.4978974461555481
0.5553069710731506
0.5230247378349304
-0.2181551158428192
0.011701208539307117
-0.5516031980514526
0.21083267033100128
