0.03319983556866646
0.061631977558135986
0.030731426551938057
0.051134757697582245
0.039128802716732025
0.06126045808196068
0.08599494397640228
0.04518979415297508
0.06732775270938873
0.08420782536268234
0.076883465051651
0.06705101579427719
0.0948004424571991
0.0294401403516531
0.06091604754328728
0.049489084631204605
0.05239059031009674
0.06033514067530632
0.04299648478627205
0.039774566888809204
0.07527750730514526
0.027930352836847305
0.09062754362821579
0.007834694348275661
0.05994164198637009
0.059404242783784866
0.059305984526872635
0.036751460283994675
0.05693182721734047
0.09223710745573044
0.039854057133197784
0.044548776000738144
0.0535535104572773
0.006652717478573322
0.03164747357368469
0.06579773128032684
0.08434883505105972
0.05446144938468933
0.03761327639222145
0.06783416122198105
0.10993032157421112
0.06579374521970749
0.05571552738547325
0.05490262806415558
0.04668653756380081
0.06983781605958939
0.0292174331843853
0.10244107246398926
0.05910522863268852
0.07302504032850266
0.0665191262960434
0.044872354716062546
0.05682087317109108
0.05969551205635071
0.02369808591902256
0.04955723136663437
0.03531724959611893
0.030993809923529625
0.07540369033813477
0.05366112291812897
0.04331941530108452
0.04099538177251816
0.09321508556604385
0.048541855067014694
0.05016089230775833
0.04363333433866501
0.04334848374128342
0.05014069750905037
0.0845085084438324
0.06926090270280838
0.01345670036971569
0.06875330209732056
0.04187106713652611
0.058215703815221786
0.039375659078359604
0.026731740683317184
0.059808529913425446
0.07902409881353378
0.04019807279109955
0.085637666285038
0.05727396160364151
0.04555526748299599
0.05247226357460022
0.028274469077587128
0.06273747980594635
0.044273536652326584
0.07826076447963715
0.035340528935194016
0.049072057008743286
0.09106998145580292
0.061742570251226425
0.0018747772555798292
0.038637422025203705
0.054221782833337784
0.01463988795876503
0.04585210606455803
0.07758855819702148
0.03295162320137024
0.05117256939411163
0.07856762409210205
0.060947734862565994
0.043453238904476166
0.05443083122372627
0.05721420794725418
0.04278222844004631
0.05208257585763931
0.04114669933915138
0.043529264628887177
0.06880906224250793
0.05568501353263855
0.010334620252251625
0.04083862528204918
0.08429618924856186
0.03920562192797661
0.03882788121700287
0.05617278069257736
0.05779631808400154
0.02864876016974449
0.04032893478870392
0.03227231279015541
0.06204744055867195
0.05017321556806564
0.05325210094451904
0.02881603129208088
0.05234343931078911
0.010983547195792198
0.04717813804745674
0.0714658871293068
0.07083573937416077
0.06776852160692215
0.05383237451314926
0.06397579610347748
0.039789047092199326
0.0552983395755291
0.04456556215882301
0.057975977659225464
0.07929668575525284
0.09102565795183182
0.03279256448149681
0.03223806992173195
0.05228624865412712
0.052233003079891205
0.042310141026973724
0.050171300768852234
0.06675311923027039
0.05880773440003395
0.05009690299630165
0.05095541849732399
0.052996519953012466
0.11738999933004379
0.038949280977249146
0.04971805587410927
0.05544263869524002
0.042421627789735794
0.08086364716291428
0.04901944845914841
0.08286861330270767
0.058402273803949356
0.05725933983922005
0.03438728302717209
0.0688512995839119
0.03200795128941536
0.06492728739976883
0.04819165915250778
0.036326587200164795
0.043092478066682816
0.04063040018081665
0.0651814192533493
0.07255761325359344
0.05137168988585472
0.07083329558372498
0.0753648579120636
0.06899667531251907
0.03696896880865097
0.04262068495154381
0.03311809524893761
0.08336050063371658
0.035566240549087524
0.042380645871162415
0.05256747081875801
0.054809391498565674
0.030432023108005524
0.03257225826382637
0.05802581459283829
0.06459739059209824
0.07386479526758194
0.0558411069214344
0.05224562808871269
0.10640091449022293
0.06862859427928925
0.041961658746004105
0.04899775609374046
0.07386620342731476
0.09271861612796783
0.02781800739467144
0.06192682683467865
0.04971522465348244
0.04916884005069733
0.0538654550909996
-0.0017688527004793286
0.04488752782344818
0.07706234604120255
0.07190805673599243
0.03291148319840431
0.06261076778173447
0.046674855053424835
0.044191960245370865
0.06787098199129105
0.07382918149232864
0.060901787132024765
0.06416615843772888
0.016300227493047714
0.06031155586242676
0.08252224326133728
0.04757793992757797
0.050100963562726974
0.018572252243757248
0.03301293030381203
0.047023143619298935
0.08140674233436584
0.0321979857981205
0.04143112897872925
0.037315189838409424
0.05377176031470299
0.05353156849741936
0.08648958802223206
0.05523194372653961
0.013033597730100155
0.04610439017415047
0.07069142907857895
0.04769767448306084
0.017695562914013863
0.03195255622267723
0.05370260775089264
0.03615707904100418
0.07954147458076477
0.052754271775484085
0.06750237941741943
0.04412173107266426
0.11304783076047897
0.07297567278146744
0.04511707276105881
0.07932447642087936
0.06412533670663834
0.001115312217734754
0.05681281536817551
0.045622508972883224
0.06764049082994461
0.10040521621704102
0.06548590213060379
0.038963280618190765
0.07896528393030167
0.06316915899515152
0.06685812771320343
0.0630892738699913
0.051227010786533356
0.042389869689941406
0.03161104395985603
0.07791460305452347
0.06302352994680405
0.07714428007602692
0.06684213131666183
0.03787102922797203
0.05982385203242302
0.06602413952350616
0.03925183415412903
0.05840834230184555
0.04429684206843376
0.058776576071977615
0.06137438490986824
0.055629827082157135
0.07375529408454895
0.03792475163936615
0.06138475611805916
0.0881744846701622
0.049066368490457535
0.05179130658507347
0.08952479809522629
0.0379391610622406
0.09885260462760925
0.058936186134815216
0.06968332827091217
0.08201877027750015
0.06145859137177467
0.08080406486988068
0.036414340138435364
0.05941509082913399
0.05697232484817505
0.060880620032548904
0.043879274278879166
0.05237945541739464
0.03928276151418686
0.06130722165107727
0.06564801931381226
0.05930433049798012
0.059403665363788605
0.07485074549913406
0.03338077664375305
0.029184410348534584
0.018160171806812286
0.03830134496092796
0.04363191872835159
0.10009362548589706
0.04776771366596222
0.05768943205475807
0.09179401397705078
0.03312399238348007
0.01477494090795517
0.04887746274471283
0.0823645144701004
0.0863381028175354
0.07850969582796097
0.024218324571847916
0.042817942798137665
0.05515481159090996
0.0666177049279213
0.06146204099059105
0.0471406951546669
0.07565503567457199
0.07009914517402649
0.06141812354326248
0.043195419013500214
0.0756256952881813
0.06170341372489929
0.026076342910528183
0.03551844507455826
0.031628742814064026
0.08385325223207474
0.09790342301130295
0.061695780605077744
0.028533706441521645
0.08061438053846359
0.04512700065970421
0.04293951392173767
0.05266339331865311
0.0489228181540966
0.030815305188298225
0.08614126592874527
0.0357254259288311
0.06288720667362213
0.049799852073192596
0.07046277821063995
0.02816234901547432
0.0778457522392273
0.056004516780376434
0.06651706248521805
0.057167187333106995
0.01262329239398241
0.06235775724053383
0.05414809659123421
0.08970106393098831
0.06764212250709534
0.052862752228975296
0.07642290741205215
0.07794864475727081
0.03806708753108978
0.047726262360811234
0.06436260044574738
0.05629022419452667
0.04178651422262192
0.0367337167263031
0.02714572846889496
0.013733898289501667
0.026113204658031464
0.04433499276638031
0.076541967689991
0.04306703060865402
0.031212449073791504
0.08075837045907974
0.054526932537555695
0.054276563227176666
0.06146872043609619
0.05508026108145714
0.04950696974992752
0.0746229961514473
0.034133706241846085
0.055830489844083786
0.0645621195435524
0.046494536101818085
0.05840903893113136
0.03225338086485863
0.04687883332371712
0.07782576978206635
0.04322921484708786
0.05943626910448074
0.05123253911733627
0.058257583528757095
0.060537189245224
0.06663554161787033
0.040889911353588104
0.07041998952627182
0.0920991450548172
0.09153338521718979
0.01954742707312107
0.04629248008131981
0.045742057263851166
0.03836977481842041
0.06996762007474899
0.09028808027505875
0.058707136660814285
0.05297091603279114
0.04380891099572182
0.040245119482278824
0.06131711229681969
0.06292663514614105
0.07237470895051956
0.0669163167476654
0.04761819913983345
0.05149770528078079
0.05382884293794632
0.049547724425792694
0.034690726548433304
0.02044021338224411
0.007119704969227314
0.06699222326278687
0.055990949273109436
0.07420700788497925
0.04569290578365326
0.02586943842470646
0.01847640797495842
0.09543360769748688
0.04196799173951149
0.025016505271196365
0.03721294552087784
0.07622292637825012
0.022066591307520866
0.07827740907669067
0.07563254982233047
0.03048674948513508
0.06639866530895233
0.047643933445215225
0.038655657321214676
0.03545822948217392
0.06982778012752533
0.060501791536808014
0.05811380222439766
0.0588354766368866
0.053639087826013565
0.04360904544591904
0.0880938321352005
0.04950553551316261
0.050229258835315704
0.048918142914772034
0.04477114975452423
0.0669746845960617
0.0349334180355072
0.0757792741060257
0.05872131511569023
0.060162339359521866
0.08089309185743332
0.040545981377363205
0.12240929901599884
0.016539638862013817
0.027529196813702583
0.053000856190919876
0.07943817973136902
0.038159966468811035
0.03249623253941536
0.0955485850572586
0.06282702088356018
0.0769057646393776
0.08008144050836563
0.08310406655073166
0.038801830261945724
0.05812446027994156
0.04595846310257912
0.052541494369506836
0.08127935230731964
0.06332974135875702
0.01812739484012127
0.07339140772819519
0.07073437422513962
0.043938662856817245
0.03222192823886871
0.0895140990614891
0.03408297896385193
0.04272430017590523
0.10234397649765015
0.06549058854579926
0.04239137843251228
0.03841633349657059
0.03079846315085888
0.05126066133379936
0.056303028017282486
0.0516967736184597
0.036004167050123215
0.07909524440765381
0.03802904486656189
0.05956555902957916
0.08314698189496994
0.09425011277198792
0.060686144977808
0.06791724264621735
0.033539220690727234
0.06144453212618828
0.07215819507837296
0.07335270196199417
0.06708531081676483
0.04684046655893326
0.03342729061841965
0.048471104353666306
0.05475876107811928
0.04892631992697716
0.06226367875933647
0.059239067137241364
0.1057388111948967
0.051916029304265976
0.050477538257837296
0.03232154995203018
0.04582783579826355
0.0381559357047081
0.05830146744847298
0.05904779210686684
0.04716534540057182
0.0672311931848526
0.045227035880088806
0.06480452418327332
0.06010561063885689
0.06031244993209839
0.050181932747364044
0.03357740491628647
0.04889441281557083
0.04857710003852844
0.06360001116991043
0.04949512332677841
0.06599168479442596
0.07414533197879791
0.05557246878743172
0.09530212730169296
0.06681817770004272
0.03976909816265106
0.045270953327417374
0.01997406594455242
0.05908091366291046
0.05488118901848793
0.04995569959282875
0.0622074119746685
0.04385968670248985
0.09907735139131546
0.0558134950697422
0.058962382376194
0.06997882574796677
0.03877117857336998
0.09671724587678909
0.06246684491634369
0.04970146343111992
0.07624386250972748
0.05192818492650986
0.0429329089820385
0.05119786784052849
0.0593123659491539
0.02514174021780491
0.026363922283053398
0.08064159750938416
0.050195563584566116
0.05993529409170151
0.03743080049753189
0.06457626819610596
0.04998911917209625
0.030524248257279396
0.05584383383393288
0.030315488576889038
0.08505042642354965
0.07021642476320267
0.041090983897447586
0.05196730047464371
0.06792698800563812
0.050142474472522736
0.03569304570555687
0.047623321413993835
0.08892224729061127
0.058664776384830475
0.06131939962506294
0.052181925624608994
0.09521067142486572
0.07183676958084106
0.03057158924639225
0.040865443646907806
0.07396456599235535
0.0460393987596035
0.0323466919362545
0.0458272323012352
0.05375953018665314
0.07404246181249619
0.021467311307787895
0.06808913499116898
0.03996628522872925
0.0735505074262619
0.012311841361224651
0.05667059123516083
0.05153362452983856
0.05599040910601616
0.06256339699029922
0.05464950576424599
0.05646274611353874
0.02441159449517727
0.03923683613538742
0.0684913918375969
0.05782723054289818
0.033051371574401855
0.08770549297332764
0.02944926917552948
0.060011573135852814
0.043002963066101074
0.06410100311040878
0.06415998935699463
0.06016163527965546
0.048897963017225266
0.0457148514688015
0.06020865589380264
0.09397686272859573
0.03869979828596115
0.04698742553591728
0.05723636969923973
0.06307554990053177
0.057955268770456314
0.022296378389000893
0.052453041076660156
0.04660072922706604
0.042594946920871735
0.08374062180519104
0.044576145708560944
0.05459751933813095
0.0821034386754036
0.07405686378479004
0.06681738048791885
0.0643896833062172
0.08680382370948792
0.05993833392858505
0.014437876641750336
0.05716433748602867
0.06110917404294014
0.04558945447206497
0.03508651629090309
0.05162406712770462
0.04882427677512169
0.07465951144695282
0.06316357105970383
0.0620388500392437
0.024162020534276962
0.026342300698161125
0.04095986485481262
0.08264702558517456
0.047497980296611786
0.04590003937482834
0.06108802556991577
0.06710612028837204
0.04647718742489815
0.07096430659294128
0.04438415914773941
0.04129806160926819
0.07030198723077774
0.07911781966686249
0.0486101359128952
0.06567023694515228
0.05157886818051338
0.034382954239845276
0.04742865636944771
0.052497487515211105
0.09095998853445053
0.07677093148231506
0.03278255835175514
0.08064740896224976
0.07349510490894318
0.04313890263438225
0.047035686671733856
0.0611136257648468
0.04899568855762482
0.04210120439529419
0.037415582686662674
0.07286504656076431
0.04657131806015968
0.07380364835262299
0.06077592447400093
0.07338639348745346
0.05108130723237991
0.07436962425708771
0.045131899416446686
0.05327204242348671
0.06277059018611908
0.05686776340007782
0.004615890793502331
0.09127325564622879
0.04082576185464859
0.037731461226940155
0.05810094252228737
0.031961120665073395
0.07191910594701767
0.04047822579741478
0.05971959978342056
0.08541975170373917
0.0438564270734787
0.05217340588569641
0.07918912917375565
0.04642367362976074
0.06208484247326851
0.02731085941195488
0.02901420183479786
0.024987593293190002
0.0656626895070076
0.04748811572790146
0.06061708927154541
0.059860531240701675
0.0005534019437618554
0.05558852478861809
0.03977365791797638
0.07810600101947784
0.0008287141681648791
0.03835507482290268
0.05772223696112633
0.04512426257133484
0.050262171775102615
0.04744887351989746
0.08503533899784088
0.0618118979036808
0.02941075898706913
0.07548447698354721
0.059153713285923004
0.0652308240532875
0.03317083790898323
0.06684879958629608
0.04634179547429085
0.03896048665046692
0.08476555347442627
0.06781955063343048
0.06784581393003464
0.029497193172574043
0.0211262758821249
0.04452166333794594
0.07303595542907715
0.07290899753570557
0.07029116898775101
0.03659554943442345
0.06513354927301407
0.03154998645186424
0.05548976734280586
0.03533519431948662
0.0658809244632721
0.05986883491277695
0.04418051242828369
0.04575207456946373
0.0640731230378151
0.056787122040987015
0.04568060487508774
0.07464471459388733
0.04011084884405136
0.06548985093832016
0.0705161988735199
0.04690135270357132
0.061687640845775604
0.10227472335100174
0.055868957191705704
0.054335564374923706
0.061155740171670914
0.05070120841264725
0.03958843648433685
0.051270823925733566
0.07412710040807724
0.048697587102651596
0.06089932471513748
0.07426663488149643
0.04193319007754326
0.06632058322429657
0.08882378786802292
0.05198228731751442
0.08936300873756409
0.06957369297742844
0.08913920819759369
0.08539297431707382
0.01175126526504755
0.06466538459062576
0.0498478040099144
0.08073215931653976
0.04704606533050537
0.0791344940662384
0.052949100732803345
0.04380548372864723
0.04688481613993645
0.053345367312431335
0.060057152062654495
0.0867273285984993
0.055964697152376175
0.049374230206012726
0.0485452264547348
0.03966224193572998
0.07757650315761566
0.08991648256778717
0.04747195169329643
0.058768291026353836
0.05193899944424629
0.043850015848875046
0.05468911677598953
0.04480024427175522
0.021495962515473366
0.017349159345030785
0.058833833783864975
0.045669399201869965
0.05469960719347
0.04263083636760712
0.038547907024621964
0.08013483136892319
0.07991508394479752
0.04053853452205658
0.07474327087402344
0.050968367606401443
0.06768824905157089
0.03594179078936577
0.04956134408712387
0.09014017134904861
0.027556024491786957
0.03230009600520134
0.08875627815723419
0.05005694180727005
0.038750868290662766
0.06598126888275146
0.060792434960603714
0.07197012007236481
0.022911613807082176
0.03850049152970314
0.06689133495092392
0.049289170652627945
0.029936684295535088
0.04423853009939194
0.07145955413579941
0.06739642471075058
0.05336242914199829
0.031111324205994606
0.06494462490081787
0.050216447561979294
0.05584973469376564
0.03525066003203392
0.056745439767837524
0.08060509711503983
0.05846880003809929
0.039397645741701126
0.07090254873037338
0.018102426081895828
0.04755465313792229
0.02190179005265236
0.035475507378578186
0.03445230424404144
0.0074873934499919415
0.06816898286342621
0.07803522795438766
0.05193083733320236
0.056963127106428146
0.1062236800789833
0.0670088455080986
0.015693485736846924
0.06712239980697632
0.06571219861507416
0.053034793585538864
0.04268945753574371
0.062156032770872116
0.046426091343164444
0.030929014086723328
0.08385670930147171
0.05269625410437584
0.05491040274500847
0.04121854901313782
0.038187894970178604
0.0520494282245636
0.06817024946212769
0.07443860918283463
0.06768441945314407
0.057421743869781494
0.07403475791215897
0.06224248185753822
0.06137290224432945
0.056734003126621246
0.055849339812994
0.06744290888309479
0.039889849722385406
0.015271649695932865
0.06351248174905777
0.025856677442789078
0.08544257283210754
0.0638214573264122
0.03707282617688179
0.08493458479642868
0.060819756239652634
0.040257472544908524
0.05754689499735832
0.04721483215689659
0.06825850903987885
0.054840803146362305
0.041750479489564896
0.050697606056928635
0.04677252471446991
0.09674917161464691
0.04824140667915344
0.045518532395362854
0.06675069779157639
0.05459055304527283
0.032918039709329605
0.07512019574642181
0.05878407135605812
0.03388722613453865
0.06843355298042297
0.0244813933968544
0.045619167387485504
0.03665763512253761
0.05681762099266052
0.05818231776356697
0.04496578872203827
-0.0010187168372794986
0.09962937980890274
0.05117575451731682
0.05838415399193764
0.055562764406204224
0.04029179364442825
0.08087627589702606
0.05294458940625191
0.050451233983039856
0.04413454234600067
0.04794252663850784
0.08054900169372559
0.040101196616888046
0.04270034655928612
0.05299346148967743
0.06596426665782928
0.05022840201854706
0.03768511861562729
0.08117414265871048
0.07129372656345367
0.08211702853441238
0.06354919821023941
0.09248179197311401
0.049924787133932114
0.05854912847280502
0.062436360865831375
0.08646498620510101
0.06285495311021805
0.06188274919986725
0.07870958745479584
0.06550683081150055
0.06374728679656982
0.06080153211951256
0.05141594260931015
0.03143700584769249
0.03188800811767578
0.047985583543777466
0.09900413453578949
0.03814108669757843
0.04446091875433922
0.052432186901569366
0.05992334336042404
0.047120172530412674
0.07017930597066879
0.051405809819698334
0.04255307838320732
0.08663925528526306
0.029731323942542076
0.08840145915746689
0.05562194809317589
0.056171659380197525
0.04543990269303322
0.06529723852872849
0.056537698954343796
0.0678228884935379
0.0523114949464798
0.06941811740398407
0.051874201744794846
0.05184498056769371
0.08033987879753113
0.06976195424795151
0.06304918974637985
0.0659547969698906
0.07156375050544739
0.0624246709048748
0.02225261740386486
0.06991802901029587
0.04574459046125412
0.07752174139022827
0.09707360714673996
0.06481336057186127
0.058600012212991714
0.035446930676698685
0.06749195605516434
0.0250206608325243
-0.00015732712927274406
0.03880596160888672
0.07012925297021866
0.04403964802622795
0.02672150358557701
0.08264300227165222
0.036861352622509
0.06074361875653267
0.09550220519304276
0.049771588295698166
0.0551304928958416
0.07906849682331085
0.062322136014699936
0.04560697078704834
0.05355353280901909
0.06902166455984116
0.08197052031755447
0.07535362243652344
0.07414001226425171
0.047656066715717316
0.07531236857175827
0.014298609457910061
0.032148055732250214
0.045109689235687256
0.0281874667853117
0.024592090398073196
0.04683893173933029
0.05331094563007355
0.024283558130264282
0.05248028412461281
0.06980548053979874
0.07239733636379242
0.09292080998420715
0.06667133420705795
0.07272237539291382
0.047717925161123276
0.04840198531746864
0.070271335542202
0.0482645183801651
0.06492137908935547
0.06279464066028595
0.03714871034026146
0.025962354615330696
0.016232337802648544
0.04258386418223381
0.03420121222734451
0.033621206879615784
0.04952901601791382
0.04579467698931694
0.04753711074590683
0.04966883361339569
0.07999669760465622
0.05673622339963913
0.07449585199356079
0.053790997713804245
0.07046788930892944
0.06958050280809402
0.04767843708395958
0.07036986202001572
0.06072679162025452
0.05665634572505951
0.04074762016534805
0.062482938170433044
0.06030018627643585
0.06562240421772003
0.08120645582675934
0.05437711998820305
0.06925862282514572
0.03585760295391083
0.05576961115002632
0.06339412182569504
0.06731221079826355
0.0385475680232048
0.06509613990783691
0.04687749966979027
0.07222206145524979
0.07395534962415695
0.07696499675512314
0.05476507544517517
0.04103992134332657
0.08273441344499588
0.040243860334157944
0.05169827491044998
0.07088612020015717
0.05442766845226288
0.05484466999769211
0.04575251787900925
0.046374931931495667
0.04216789826750755
0.060016024857759476
0.04872340336441994
0.06220746785402298
0.06283591687679291
0.040174633264541626
0.07780923694372177
0.09422753006219864
0.05487785488367081
0.0363684818148613
0.06025385856628418
0.07045765221118927
0.018138671293854713
0.05363800749182701
0.06417647004127502
0.027482209727168083
0.05842156708240509
0.05214455723762512
0.05109984055161476
0.04752686619758606
0.03097718581557274
0.028609715402126312
0.0662391260266304
0.05953380838036537
0.03302719071507454
0.059278786182403564
0.07949190586805344
0.03790749981999397
0.043080564588308334
0.05728577449917793
0.025041209533810616
0.061055559664964676
0.03715761750936508
0.058055564761161804
0.05816023424267769
0.027402708306908607
0.07230512797832489
0.06635964661836624
0.028099477291107178
0.04964064806699753
0.04154166206717491
0.07275688648223877
0.03493782505393028
0.04346228390932083
0.06371598690748215
0.04787461832165718
0.07073702663183212
0.1346498727798462
0.0751749649643898
0.0727761909365654
0.037298865616321564
0.020764684304594994
0.09708543866872787
0.06938793510198593
0.07341405004262924
0.00968387071043253
0.08953697979450226
0.036598797887563705
0.07598605751991272
0.04577721282839775
0.04311462491750717
0.08636275678873062
0.02458958886563778
0.03523758798837662
0.04192017391324043
0.07570540904998779
0.0613100565969944
0.04690368101000786
0.03728169947862625
0.06423044949769974
0.06065663322806358
0.05640312656760216
0.07381867617368698
0.052206214517354965
0.05387387424707413
0.001879360293969512
0.056595832109451294
0.04804382845759392
0.039161622524261475
0.06742594391107559
0.06812646239995956
0.06428717076778412
0.03839382901787758
0.10170935094356537
0.04313584417104721
0.04858621582388878
0.01916619762778282
0.06945273280143738
0.07051873952150345
0.06581880152225494
0.02546399086713791
0.08665748685598373
0.05819078907370567
0.06161270663142204
0.03676220029592514
0.05346306785941124
0.03346383944153786
0.05446650832891464
0.0704909935593605
0.08490290492773056
0.05597766116261482
0.09217896312475204
0.057370223104953766
0.07663271576166153
0.09239242225885391
0.04311450943350792
0.0515235960483551
0.04307638108730316
0.0503770187497139
0.059935107827186584
0.05629158765077591
0.05028492212295532
0.0620063841342926
0.04675537347793579
0.06455925852060318
0.052692532539367676
0.07844255119562149
0.04557691887021065
0.04087077081203461
0.06344197690486908
0.043155770748853683
0.05026491731405258
0.06952489167451859
0.03209525719285011
0.04945997893810272
0.05621049180626869
0.03250689059495926
0.013324503786861897
0.07822883874177933
0.02590416930615902
0.06070001423358917
0.03578871488571167
0.06890597194433212
0.06870425492525101
0.0583006925880909
0.03668682649731636
0.054476264864206314
0.054133087396621704
0.04290756583213806
0.04376677796244621
0.06686291843652725
0.06724879145622253
0.04158293455839157
0.050152264535427094
0.0595867745578289
0.05667409300804138
0.05661892145872116
0.07005395740270615
0.060017313808202744
0.0517401359975338
0.09702999889850616
0.059245433658361435
0.07259966433048248
0.022702068090438843
0.06996305286884308
0.057240113615989685
0.05633160471916199
0.02762756496667862
0.10211210697889328
0.062384288758039474
0.07875082641839981
0.05558864027261734
0.0578388050198555
0.04164188727736473
0.07543196529150009
0.044527843594551086
0.04404496029019356
0.06207060441374779
0.030651714652776718
0.057018015533685684
0.04761068895459175
0.060820385813713074
0.06373180449008942
0.004820230416953564
0.051272522658109665
0.02864653430879116
0.04406552389264107
0.035329367965459824
0.048369426280260086
0.05701574683189392
0.04589195176959038
0.033457234501838684
0.041312627494335175
0.047780487686395645
0.003856765106320381
0.03225599601864815
0.07643365114927292
0.051289401948451996
0.08780443668365479
0.0353802889585495
0.07626278698444366
0.03699002042412758
0.07658835500478745
0.046534497290849686
0.07351896166801453
0.05237739905714989
0.0647522509098053
0.05735468864440918
0.037999577820301056
0.04962657764554024
0.0899297371506691
0.0411541573703289
0.060370128601789474
0.046628519892692566
0.06320476531982422
0.06924881041049957
0.03412996977567673
0.04895634204149246
0.06436675041913986
0.06421032547950745
0.0514279268682003
0.046894144266843796
0.08158452063798904
0.03294293209910393
0.07369314134120941
0.04775698110461235
0.06777223944664001
0.049834758043289185
0.04982364922761917
0.028470521792769432
0.05719400569796562
0.06511985510587692
0.039670679718256
0.053479038178920746
0.05262080579996109
0.07376348227262497
0.05242559313774109
0.044557489454746246
0.04011879488825798
0.07740313559770584
0.05320274457335472
0.053040944039821625
0.05853469297289848
0.044126514345407486
0.053602445870637894
0.05405821651220322
0.05688873678445816
0.0807933658361435
0.07843390852212906
0.09241031110286713
0.034574661403894424
0.05252848193049431
0.02307293564081192
0.05831631273031235
0.055916231125593185
0.06429308652877808
0.11533737182617188
0.07687963545322418
0.09249486029148102
0.06941781938076019
0.05294713005423546
0.07066985964775085
0.06851675361394882
0.062421880662441254
0.03752528503537178
0.05757211893796921
0.06003815308213234
0.05879421532154083
0.04974861070513725
0.0575241781771183
0.05949142575263977
0.04304126650094986
0.06472905725240707
0.08072304725646973
0.058696500957012177
0.042317334562540054
0.07044553756713867
0.0012900357833132148
0.018566671758890152
0.10119953006505966
0.043276552110910416
0.0751074030995369
0.06703834980726242
0.04994622617959976
0.04707805812358856
0.07412029057741165
0.03685543313622475
0.07044436782598495
0.05962593853473663
0.049067672342061996
0.005460323765873909
0.03419266641139984
0.07427389919757843
0.055673688650131226
0.05302681773900986
0.04562625661492348
0.07905513793230057
0.05688915029168129
0.05141877755522728
0.03920440748333931
0.06667807698249817
0.03865993767976761
0.05468546971678734
0.08377983421087265
0.07101385295391083
0.06432230025529861
0.06498026847839355
0.06505110114812851
0.05350664258003235
0.07304256409406662
0.07754258066415787
0.04853643849492073
0.055688824504613876
0.06997270882129669
0.060595154762268066
0.05049971118569374
0.04581425338983536
0.06546647846698761
0.04273952916264534
0.032587531954050064
0.04887480288743973
0.053314581513404846
0.06360123306512833
0.07202762365341187
0.07387413829565048
0.04423219710588455
0.04857436940073967
0.05503837391734123
0.058061446994543076
0.06378795951604843
0.05801756680011749
0.05796365067362785
0.07046106457710266
0.04764702171087265
0.03729533776640892
0.06977403163909912
0.04308464378118515
0.07267734408378601
0.05335572361946106
0.010799958370625973
0.031357359141111374
0.05856246501207352
0.080022893846035
0.03428606688976288
0.07944080233573914
0.07017727196216583
0.06764137744903564
0.07306316494941711
0.048687610775232315
0.044720783829689026
0.05955025553703308
0.0714997947216034
0.06089765951037407
0.08257587254047394
0.0013552035670727491
0.0808723047375679
0.042727164924144745
0.07178205251693726
0.03264278545975685
0.07373522967100143
0.05237829312682152
0.03872014954686165
0.06556892395019531
0.008179396390914917
0.029678819701075554
0.032465528696775436
0.049381714314222336
0.02077842503786087
0.05236682668328285
0.07574081420898438
0.06848346441984177
0.03930680453777313
0.036937251687049866
0.05274394527077675
0.056958213448524475
0.08306076377630234
0.03990248963236809
0.06542259454727173
0.06875289231538773
0.01204415038228035
0.040182121098041534
0.05817519873380661
0.07739150524139404
0.046708326786756516
0.04748988524079323
0.03241389989852905
0.03405125066637993
0.03927283361554146
0.05392587184906006
0.07019313424825668
0.08115626126527786
0.035961657762527466
0.05932025611400604
0.06736422330141068
0.06283169984817505
0.09987940639257431
0.06129346415400505
0.06504443287849426
0.06426049768924713
0.08964300155639648
0.050132595002651215
0.06913723796606064
0.07312794029712677
0.07652304321527481
0.0478491373360157
0.054405577480793
0.05624401941895485
0.06382786482572556
0.04728930443525314
0.08327025175094604
0.03963840380311012
0.03960442915558815
0.04046478495001793
0.05255782976746559
0.08776383846998215
0.06026753410696983
0.04953702539205551
0.11901680380105972
0.05364279821515083
0.04859789088368416
0.054251547902822495
0.05940237641334534
0.03131432458758354
0.06437437981367111
0.014707313850522041
0.0950651690363884
0.0692923292517662
0.04707677662372589
0.06836910545825958
0.03684064745903015
0.05054181441664696
0.05063915252685547
0.07090476900339127
0.07035566866397858
0.06639058887958527
0.053281646221876144
0.060725390911102295
0.04206172749400139
0.06415153294801712
0.06560511887073517
0.046997856348752975
0.09018007665872574
0.07549233734607697
0.1064569354057312
0.03656947240233421
0.05095134302973747
0.05188502371311188
0.07217022776603699
0.10461602360010147
0.08236373215913773
0.04502908140420914
0.057264454662799835
0.06347399950027466
0.03152890130877495
0.04216323792934418
0.0390336774289608
0.10778247565031052
0.06579261273145676
0.036645907908678055
0.05109822377562523
0.05034396052360535
0.0647193118929863
0.08391281962394714
0.0557781346142292
0.08755632489919662
0.0949205756187439
0.03083055280148983
0.057218845933675766
0.049149464815855026
0.057418785989284515
0.04087657481431961
0.044265810400247574
0.05034444108605385
0.05883617326617241
0.024832699447870255
0.028597252443432808
0.06664301455020905
0.061682578176259995
0.06390468776226044
0.05935332924127579
0.02021491341292858
0.02825758047401905
0.05716126412153244
0.0463063083589077
0.030257591977715492
0.055677685886621475
0.01522678043693304
0.04289679974317551
0.05226198583841324
0.05450694262981415
0.061790525913238525
0.051785510033369064
0.04863050580024719
0.05892273411154747
0.07786568999290466
0.059941355139017105
0.07536307722330093
0.049161188304424286
0.05180995538830757
0.06430147588253021
0.04374256357550621
0.044329848140478134
0.07333337515592575
0.06240801140666008
0.041711077094078064
0.043430980294942856
0.048094093799591064
0.052606694400310516
0.04709772765636444
0.034890517592430115
0.059034597128629684
0.090605728328228
0.03731482848525047
0.057853687554597855
0.0890902429819107
0.03533773496747017
0.022741220891475677
0.01839165762066841
0.05900559201836586
0.04523227736353874
0.06793168932199478
0.010558663867413998
0.04726524278521538
0.05408705398440361
0.045459579676389694
0.04440637677907944
0.04384193569421768
0.030051030218601227
0.061185453087091446
0.055819883942604065
0.030557263642549515
0.0929325744509697
0.06176745891571045
0.03237367421388626
0.04834558814764023
0.06847137212753296
0.03426197171211243
0.05440307781100273
0.05719145014882088
0.07779501378536224
0.05165763571858406
-0.0019529100973159075
0.04440832883119583
0.05684012919664383
0.0472080335021019
0.04484006017446518
0.052699197083711624
0.08944802731275558
0.0625331774353981
0.045215487480163574
0.07748743146657944
0.0909779965877533
0.04352026432752609
0.05577791854739189
0.06253048032522202
0.05755162984132767
0.037123292684555054
0.07430163025856018
0.05435362830758095
0.10594718158245087
0.028608892112970352
0.0544213242828846
0.08074530214071274
0.04482544958591461
0.07891464978456497
0.03881001099944115
0.052641794085502625
0.07430721819400787
0.05766027048230171
0.009474434889853
0.049994535744190216
0.0006225472898222506
0.07769137620925903
0.042280685156583786
0.08731736242771149
0.054334089159965515
0.0668392926454544
0.061853669583797455
0.023355450481176376
0.07455213367938995
0.060481391847133636
0.0632476657629013
0.010540492832660675
0.03299911320209503
0.08527403324842453
0.05312670022249222
0.05254339054226875
0.07492317259311676
0.05052346736192703
0.05579311028122902
0.061633072793483734
0.04206390306353569
0.06669006496667862
0.06815226376056671
0.05589931085705757
0.05068134516477585
0.04189020395278931
0.03546806424856186
0.08522313833236694
0.06976598501205444
0.06241403520107269
0.06013158708810806
0.07165584713220596
0.017967602238059044
0.05400194600224495
0.052677735686302185
0.06611541658639908
0.041518013924360275
0.0588676780462265
0.042560070753097534
0.05010420083999634
0.04713775962591171
0.07109656184911728
0.06177076697349548
0.050356440246105194
0.06125541031360626
0.04855581000447273
0.04237862303853035
0.07378412783145905
0.04933346062898636
0.06971397995948792
0.0368475466966629
0.038206882774829865
0.0707111582159996
0.07398811727762222
0.04779350757598877
0.06696825474500656
0.08027758449316025
0.06673557311296463
0.0363786518573761
0.06236362084746361
0.05405149981379509
0.03921068459749222
0.07122883945703506
0.074232317507267
0.04560466483235359
0.053657032549381256
0.077114999294281
0.033587586134672165
0.05941370502114296
0.05011995509266853
0.06350310891866684
0.04155278950929642
0.050077252089977264
0.07147001475095749
0.050735678523778915
0.03661470487713814
0.08758094906806946
0.048800621181726456
0.02037901058793068
0.05506386235356331
0.05743953958153725
0.05138155445456505
0.037153225392103195
0.07158386707305908
0.040852613747119904
0.05380678176879883
0.03571614250540733
0.06515859812498093
0.06508737802505493
0.0574302077293396
0.07348344475030899
0.04839430749416351
0.05100889876484871
0.040411327034235
0.023899760097265244
0.04682488366961479
0.03786667436361313
0.09154753386974335
0.04531010612845421
0.05165836960077286
0.05191737040877342
0.05863913148641586
0.07123564928770065
0.05945467948913574
0.04205210506916046
0.035109955817461014
0.04977267608046532
0.06671261042356491
0.03564721345901489
0.05261429026722908
0.045961908996105194
0.04660908877849579
0.04374975711107254
0.03976930305361748
0.07881643623113632
0.0804177075624466
0.09313260763883591
0.07477767020463943
0.05524158477783203
0.05558208376169205
0.06218549236655235
0.013504507020115852
0.061241358518600464
0.03600042685866356
0.02772451378405094
0.08177053928375244
0.08182477951049805
0.02191224880516529
0.04466591402888298
0.0378248430788517
0.08592668920755386
0.04364915192127228
0.07083837687969208
0.06057129055261612
0.03998774290084839
0.049981579184532166
0.049337007105350494
0.024636665359139442
0.0644521489739418
0.07479729503393173
0.046226490288972855
0.038591351360082626
0.06334716826677322
0.07407208532094955
0.06432310491800308
0.04267051815986633
0.04331035166978836
0.0460401326417923
0.0722084790468216
0.060828592628240585
0.028559910133481026
0.05674997717142105
0.0765272006392479
0.0605865940451622
0.043813519179821014
0.11198801547288895
0.0480920672416687
0.06516211479902267
0.04572681710124016
0.05808934196829796
0.017283856868743896
0.053061094135046005
0.03188353404402733
0.02482323907315731
0.06493981182575226
0.06570395827293396
0.06339336931705475
0.07596878707408905
0.07353615015745163
0.05199817195534706
0.07049372792243958
0.031752195209264755
0.02216240204870701
0.039830997586250305
0.03616620600223541
0.0504135824739933
0.057523213326931
0.0836811512708664
0.045287828892469406
0.07314859330654144
0.059949714690446854
0.06914901733398438
0.037384357303380966
0.05130913108587265
0.06930440664291382
0.014757238328456879
0.0566943921148777
0.02121906913816929
0.09957762062549591
0.07329514622688293
0.07195336371660233
0.032617323100566864
0.04361873120069504
0.09137768298387527
0.03596524894237518
0.05366306006908417
0.08656764775514603
0.059008702635765076
0.032657645642757416
0.05101105570793152
0.0562448650598526
0.03184225782752037
0.05154486000537872
0.03779246285557747
0.030496910214424133
0.08128469437360764
0.02992991730570793
0.08020444214344025
0.07825072109699249
0.06475654244422913
0.07473458349704742
0.07104608416557312
0.0610104463994503
0.04171508178114891
0.04055138677358627
0.048854291439056396
0.048502612859010696
0.02964054048061371
0.0560457818210125
0.05748571828007698
0.038668349385261536
0.05747174844145775
0.009814906865358353
0.04140868037939072
0.06550909578800201
0.0756470263004303
0.04317953437566757
0.06043330952525139
0.059974756091833115
0.0257952269166708
0.05406016483902931
0.04592231288552284
0.028290029615163803
0.058382440358400345
0.09880685061216354
0.09674235433340073
0.05560982972383499
0.07059253752231598
-0.0007360601448453963
0.04491065815091133
0.07704847306013107
0.030674628913402557
0.013719712384045124
0.030868547037243843
0.07316211611032486
0.06828054785728455
0.040853116661310196
0.05653056874871254
0.036834463477134705
0.06392049789428711
0.058101557195186615
0.05532805249094963
0.07347248494625092
0.027618542313575745
0.048673562705516815
0.09104292094707489
0.10144329816102982
0.03325527533888817
0.03594597801566124
0.055969614535570145
0.06374722719192505
0.03166760876774788
0.022064678370952606
0.0581267811357975
0.06619616597890854
0.07028264552354813
0.06390289962291718
0.0422014482319355
0.030899828299880028
0.06220530718564987
0.053874146193265915
0.04859933257102966
0.0667152926325798
0.06874512881040573
0.04307141900062561
0.05611071735620499
0.05948076397180557
0.06677436828613281
0.04127667844295502
0.036056917160749435
0.06804819405078888
0.034499239176511765
0.063770592212677
0.034957755357027054
0.05432421341538429
0.09521116316318512
0.0524243600666523
0.0448184460401535
0.0851409062743187
0.030836723744869232
0.08447977155447006
0.046399086713790894
0.04889791086316109
0.06325836479663849
0.06510121375322342
0.02015596069395542
0.025446167215704918
0.018987735733389854
0.008383577689528465
0.12565359473228455
0.0427790991961956
0.022555621340870857
0.039455052465200424
0.03342996537685394
0.030483197420835495
0.07181334495544434
0.02953575924038887
0.028403041884303093
0.03759799525141716
0.06522185355424881
0.032128408551216125
0.10884048044681549
0.06216052174568176
0.04119023680686951
0.09180095046758652
0.049750227481126785
0.06894059479236603
0.09560233354568481
0.07318197190761566
0.07689113169908524
0.033098939806222916
0.06325157731771469
0.05910119414329529
0.04326600208878517
0.1128356009721756
0.0897555872797966
0.06366900354623795
0.06297890841960907
0.06712526082992554
0.013535058125853539
0.039893604815006256
0.060138631612062454
0.03022018074989319
0.05687180534005165
0.05195236951112747
0.008656101301312447
0.03418803587555885
0.09586068987846375
0.05989667773246765
0.05910886451601982
0.05235312134027481
0.05568903312087059
0.03178379684686661
0.07009007036685944
0.06748147308826447
0.05510876327753067
0.05989217385649681
0.06764243543148041
0.0717732235789299
0.06722652167081833
0.06856290996074677
0.04752065986394882
0.06548009812831879
0.06576618552207947
0.05944184958934784
0.034726422280073166
0.030269678682088852
0.061522092670202255
0.0785316452383995
0.05623316392302513
0.05185646563768387
0.05195280909538269
0.0534832663834095
0.0651814416050911
0.04588134586811066
0.04334371164441109
0.05417889356613159
0.07924305647611618
0.04871423542499542
0.07410576939582825
0.061195340007543564
0.08116170018911362
0.06222144141793251
0.04262233152985573
0.024766478687524796
0.046685025095939636
0.05406360328197479
0.056079547852277756
0.054146163165569305
0.08345631510019302
0.07187547534704208
0.017516395077109337
0.043619558215141296
0.04849250987172127
0.05367431789636612
0.08156092464923859
0.061099208891391754
0.05241607874631882
0.045832064002752304
0.03592051938176155
0.03462542966008186
0.06627177447080612
0.04885193333029747
0.04845917597413063
0.08010876178741455
-0.0010134718613699079
0.014987252652645111
0.06318720430135727
0.04337865114212036
0.08863995969295502
0.027909614145755768
0.04471948742866516
0.03855569288134575
0.06623450666666031
0.056679852306842804
0.06962553411722183
0.057896848767995834
0.0492253378033638
0.05577694997191429
0.03713083267211914
0.0674106702208519
0.04734765365719795
0.07209059596061707
0.05581861734390259
0.05238403007388115
0.04480163753032684
0.06390675157308578
0.04554111883044243
0.06841373443603516
0.01840701885521412
0.10096534341573715
0.06949453800916672
0.06522578746080399
0.05907274782657623
0.0511341392993927
0.031161267310380936
0.034252606332302094
0.027795735746622086
0.04107284173369408
0.02605658769607544
0.0756777673959732
0.06516563892364502
0.05231837183237076
0.06774941086769104
0.04576830565929413
0.04874337837100029
0.0743291899561882
0.04362437501549721
0.036565348505973816
0.04852111265063286
0.03520071133971214
0.044832825660705566
0.022587180137634277
0.06816405802965164
0.06807778030633926
0.013040206395089626
0.06413570791482925
0.04685052111744881
0.0634070336818695
0.059350110590457916
0.0884789451956749
0.04160303622484207
0.03704212233424187
0.04887808859348297
0.06280140578746796
0.06395042687654495
0.04072238877415657
0.0616677850484848
0.05186965689063072
0.05350441113114357
0.05537683144211769
0.05793628841638565
0.05639380216598511
0.05834563821554184
0.06006651744246483
0.07663849741220474
0.05324948579072952
0.06193171441555023
0.01726497709751129
0.06884738802909851
0.0725196972489357
0.08284621685743332
0.0179765522480011
0.05338918790221214
0.031987544149160385
0.04020342230796814
0.06296823918819427
0.06959742307662964
0.06611428409814835
0.06205073371529579
0.035358961671590805
0.08039312064647675
0.019819747656583786
0.03725031763315201
0.0680360496044159
0.02359163947403431
0.046936191618442535
0.03356257081031799
0.059478744864463806
0.03721122443675995
0.04212580621242523
0.017567425966262817
0.04619259014725685
0.06522670388221741
0.04147893935441971
0.05035458132624626
0.03323391079902649
0.06474178284406662
0.0453445129096508
0.055962108075618744
0.06871230155229568
0.026773666962981224
0.05059312656521797
0.039075929671525955
0.059449128806591034
0.040725044906139374
0.04173177108168602
0.07312127202749252
0.06373202055692673
0.037497181445360184
0.06909802556037903
0.025816479697823524
0.02318899892270565
0.06290862709283829
0.05577577278017998
0.05638759955763817
0.04873471334576607
0.038367871195077896
0.05080415681004524
0.06566929817199707
0.03167151287198067
0.061851877719163895
0.0625472217798233
0.10945255309343338
0.043008580803871155
0.05186264589428902
0.09364351630210876
0.04498054459691048
0.0878593772649765
0.0785747841000557
0.0626431405544281
0.04313582926988602
0.04558328911662102
0.05192466452717781
0.07415216416120529
0.044401831924915314
0.04375327751040459
0.057597510516643524
0.05298931896686554
0.06648120284080505
0.05065719038248062
0.07068704068660736
0.0833490788936615
0.054171495139598846
0.06905870139598846
0.06972673535346985
0.048614948987960815
0.09736287593841553
0.06808889657258987
0.03824770450592041
0.08202605694532394
0.0633811205625534
0.08036739379167557
0.05538119748234749
0.06847212463617325
0.03546782582998276
0.049623291939496994
0.0862203910946846
0.03147032856941223
0.03914584964513779
0.05383448675274849
0.05384746938943863
0.042433299124240875
0.03649380803108215
0.05505160242319107
0.05830831825733185
0.05365514010190964
0.0589258149266243
0.05284900218248367
0.07985319942235947
0.062302473932504654
0.04410352557897568
0.03286730870604515
0.05344999581575394
0.03557458892464638
0.05559980496764183
0.0662611871957779
0.07870626449584961
0.07990732789039612
0.059530340135097504
0.07364501804113388
0.056739501655101776
0.10828381776809692
0.04278085008263588
0.04179444536566734
0.021139517426490784
0.0671515241265297
0.09343257546424866
0.04494272544980049
0.03608476370573044
0.058569807559251785
0.052443571388721466
0.06545260548591614
0.07374577224254608
0.06193626672029495
0.06928092241287231
0.06278999149799347
0.05456399545073509
0.03577592223882675
0.06577112525701523
0.0707320123910904
0.055310361087322235
0.06542032212018967
0.055155426263809204
0.053764600306749344
0.029535463079810143
0.06016532704234123
0.05115969479084015
0.05228755623102188
0.04237893223762512
0.06456995010375977
0.025316394865512848
0.04642195999622345
0.033007919788360596
0.0519401989877224
0.05010240152478218
0.06944288313388824
0.0528307743370533
0.05222291871905327
0.020617138594388962
0.049613915383815765
0.02731121890246868
0.05243341624736786
0.05454360693693161
0.03369035944342613
0.10272310674190521
0.03943665325641632
0.05531653016805649
0.032909177243709564
0.056354355067014694
0.04490780457854271
0.03142886608839035
0.06469883769750595
0.0455530509352684
0.05388135462999344
0.07935060560703278
0.05444340035319328
0.06065664440393448
0.058030031621456146
0.027301203459501266
0.042201392352581024
0.045744940638542175
0.06307228654623032
0.02669127658009529
0.027328068390488625
0.04506547003984451
0.021175580099225044
0.06464285403490067
0.06405884772539139
0.04644085466861725
0.049116216599941254
0.08071219176054001
0.06063978374004364
0.043021298944950104
0.09150165319442749
0.05267123878002167
0.06349801272153854
0.04694652557373047
0.05003875121474266
0.02360508032143116
0.05040528625249863
0.040920861065387726
0.05807746946811676
0.06744888424873352
0.02214874140918255
0.034171611070632935
0.04706721007823944
0.054486893117427826
0.054054584354162216
0.06397904455661774
0.052493616938591
0.07566815614700317
0.06479834765195847
0.03868462145328522
0.06525380164384842
0.03824501857161522
0.02788073942065239
0.03263723477721214
0.054598890244960785
0.05278686806559563
0.02579089254140854
0.05605144053697586
0.053281549364328384
0.05515178665518761
0.04250909388065338
0.052748557180166245
0.03439247980713844
0.060132745653390884
0.00014827321865595877
0.05419502779841423
0.06165793910622597
0.04214099794626236
0.07333175092935562
0.029933886602520943
0.062065187841653824
0.034494586288928986
0.02276485785841942
0.008713675662875175
0.03469720855355263
0.079274982213974
0.023671681061387062
0.08082985132932663
0.08835016936063766
0.08923834562301636
0.049166638404130936
0.07421792298555374
0.07762958109378815
0.029399102553725243
0.04467976093292236
0.045709699392318726
0.04683597385883331
0.06145428493618965
0.061686091125011444
0.04352440685033798
0.05611028894782066
0.049913957715034485
0.0265185683965683
0.04149073734879494
0.04387771710753441
0.07365772128105164
0.04294644296169281
0.07875781506299973
0.06842806935310364
0.06749099493026733
0.048770323395729065
0.06759943068027496
0.044574346393346786
0.05249188095331192
0.06764740496873856
0.04209687560796738
0.07231838256120682
0.06062241643667221
0.030468204990029335
0.036182913929224014
0.06877021491527557
0.06358934193849564
0.09139770269393921
0.05402210354804993
0.04793359711766243
0.061095550656318665
0.03132693096995354
0.05738510936498642
0.04319634661078453
0.04524917155504227
0.06626805663108826
0.06557997316122055
0.06410257518291473
0.05646659806370735
0.06921616941690445
0.0603862926363945
0.0371929332613945
0.07953900098800659
0.07496244460344315
0.06910387426614761
0.058201584964990616
0.07204243540763855
0.05962397903203964
0.035010695457458496
0.0400218665599823
0.04350579157471657
0.056877560913562775
0.06501758098602295
0.04944930225610733
0.04382820054888725
0.07217519730329514
0.06463737785816193
0.058785147964954376
0.04435962438583374
0.058133337646722794
0.028724003583192825
0.06598350405693054
0.06251226365566254
0.05252038687467575
0.03535250574350357
0.06740386039018631
0.07917225360870361
0.026946745812892914
0.06433158367872238
0.058143045753240585
0.06755372136831284
0.054206062108278275
0.051968153566122055
0.04446966573596001
0.03881978243589401
0.05123719200491905
0.05210873484611511
0.021906111389398575
0.0885993242263794
0.03548765182495117
0.06829757243394852
0.06358262151479721
0.05928053334355354
0.058339204639196396
0.11525780707597733
0.08760363608598709
0.06276028603315353
0.0557665191590786
0.05189209803938866
0.058128904551267624
0.0751771405339241
0.05953125283122063
0.059621136635541916
0.07305780053138733
0.03819398581981659
0.05104554072022438
0.0014660937013104558
0.02859390899538994
0.0537092387676239
0.07120288163423538
0.06485645473003387
0.025886734947562218
0.05585688352584839
0.06651261448860168
0.07871150225400925
0.013236177153885365
0.06831671297550201
0.039697062224149704
0.03633705899119377
0.06351811438798904
0.05571778118610382
0.04950125515460968
0.030294330790638924
0.021237699314951897
0.10360906273126602
0.05138769745826721
0.06302890181541443
0.032218314707279205
0.10515115410089493
0.07900156080722809
0.04888990893959999
0.0007386281504295766
0.05111563950777054
0.022362176328897476
0.1392853558063507
0.05578872933983803
0.04836537316441536
0.03998652473092079
0.02646402269601822
0.014043333940207958
0.03452350199222565
0.07644964009523392
0.0429692268371582
0.04160987585783005
0.06504033505916595
0.050813350826501846
0.08790323138237
0.060515146702528
0.03666817769408226
0.037819165736436844
0.047602344304323196
0.04560390114784241
0.03474937006831169
0.048826638609170914
0.04970003291964531
0.04790858179330826
0.06369231641292572
0.032094236463308334
0.053195469081401825
0.03721701353788376
0.08043765276670456
0.017233485355973244
0.044780462980270386
0.045257773250341415
0.028883270919322968
0.02885238453745842
0.0911845713853836
0.029346024617552757
0.023357024416327477
0.06469377875328064
0.06292843073606491
0.058553434908390045
0.0075161028653383255
0.05316688120365143
0.048855122178792953
0.03785666450858116
0.0770234689116478
0.02036610245704651
0.06447970122098923
0.1130313128232956
0.06086448207497597
0.05056308954954147
0.056418709456920624
0.09253266453742981
0.038228921592235565
0.0572834350168705
0.040912412106990814
0.04588396102190018
0.046020328998565674
0.05892181023955345
0.046003978699445724
0.06548722088336945
0.034019265323877335
0.062105290591716766
0.04073747247457504
0.05519590899348259
0.04208813235163689
0.03609786927700043
0.049943067133426666
0.07000324875116348
0.04781297966837883
0.06295281648635864
0.07717739045619965
0.06548919528722763
0.058716628700494766
0.08024097979068756
0.07021390646696091
0.07460049539804459
0.05083885416388512
0.06546793133020401
0.02822013571858406
0.06139509379863739
0.038464900106191635
0.08034427464008331
0.08619576692581177
0.04727860540151596
0.056584879755973816
0.0637524276971817
0.07561452686786652
0.07041162252426147
0.05506988987326622
0.02293335273861885
0.025930600240826607
0.028402360156178474
0.02165169268846512
0.03232932463288307
0.08251656591892242
0.07566042244434357
0.040472760796546936
0.07911599427461624
0.05426175519824028
0.07703255861997604
0.05963220074772835
0.05927211418747902
0.07203887403011322
0.033694397658109665
0.034298934042453766
0.03503584489226341
0.05401857942342758
0.059198904782533646
0.040299102663993835
0.08407161384820938
0.0033112824894487858
0.06706833839416504
0.05701294168829918
0.06714305281639099
0.023628288879990578
0.0651828870177269
0.030231691896915436
0.06277675181627274
0.01672462746500969
0.07385829091072083
0.060412026941776276
0.1181359514594078
0.047708287835121155
0.04009323939681053
0.09297969192266464
0.026576275005936623
0.04061919450759888
0.06791592389345169
0.07116974145174026
0.0658470168709755
0.07895060628652573
0.0488865002989769
0.07429240643978119
0.029591765254735947
0.06061538681387901
0.07977950572967529
0.05702073872089386
0.052153583616018295
0.050059426575899124
0.023326968774199486
0.07087942212820053
0.03823075070977211
0.06926841288805008
0.03597502037882805
0.04819062352180481
0.026216426864266396
0.0837283805012703
0.07766210287809372
0.06941964477300644
0.030052421614527702
0.05199059844017029
0.04402681440114975
0.043784819543361664
0.03853199630975723
0.06516655534505844
0.051013071089982986
0.055679239332675934
0.04588655009865761
0.03563142940402031
0.0492384247481823
0.05011259391903877
0.03829861804842949
-0.0020141142886132
0.02842598594725132
0.04085345193743706
0.08353759348392487
0.06453480571508408
0.07622642070055008
0.07289466261863708
0.0770530179142952
0.035315338522195816
0.06400161981582642
0.020508140325546265
0.08858197927474976
0.0642816573381424
0.08207948505878448
0.06880305707454681
0.04542413353919983
0.06980925798416138
0.08796071261167526
0.03977584466338158
0.03524910286068916
0.07820811867713928
0.03875824809074402
0.03561589866876602
0.06864804774522781
0.04312601685523987
0.08655447512865067
0.04473740607500076
0.04967560991644859
0.07346585392951965
0.06915237009525299
0.07159990072250366
0.08853103965520859
0.038213420659303665
0.08400966972112656
0.0733659416437149
0.020910874009132385
0.06789281964302063
0.056255511939525604
0.048679351806640625
0.06561537832021713
0.03629159927368164
0.052646275609731674
0.018146520480513573
0.08302196115255356
0.02678552083671093
0.06368495523929596
0.0468340702354908
0.07786036282777786
0.034595049917697906
0.05862410366535187
0.08045855909585953
0.05880598723888397
0.06337404996156693
0.05838477611541748
0.061017993837594986
0.07204324752092361
0.03615681082010269
0.05128179490566254
0.03415950760245323
0.053910985589027405
0.04844537004828453
0.038675300776958466
0.06866375356912613
0.062015458941459656
0.056663628667593
0.04854200780391693
0.006526812445372343
0.059591133147478104
0.04146456718444824
0.027995672076940536
0.04974009096622467
0.052908048033714294
0.08762266486883163
0.05359857529401779
0.03797716647386551
0.05709544196724892
0.03647591918706894
0.051462605595588684
0.07115587592124939
0.04624483361840248
0.02455703727900982
0.07811993360519409
0.031064454466104507
0.009807323105633259
0.02579500339925289
0.06491979211568832
0.05250432714819908
0.06640075147151947
0.04886484146118164
0.029829150065779686
0.03497903421521187
0.030859751626849174
0.006119969300925732
0.04250778257846832
0.07402268797159195
0.06705224514007568
0.044497016817331314
0.06875786930322647
0.04792614281177521
0.08819261193275452
0.03600866720080376
0.04149108752608299
0.028881041333079338
0.05163157358765602
0.00020359645714052022
0.038856275379657745
0.11025480180978775
0.04988563805818558
0.044571660459041595
0.06018492951989174
0.02445853501558304
0.02866831235587597
0.0994645208120346
0.06200702488422394
0.056817427277565
0.07287834584712982
0.041861336678266525
0.07314667850732803
0.04709644988179207
0.0756438821554184
0.10491011291742325
0.04888460785150528
0.03739625960588455
0.05172165483236313
0.05798514559864998
0.05491850525140762
0.11280185729265213
0.05969792604446411
0.04635271057486534
0.05168335512280464
0.051352642476558685
0.04850025475025177
0.07110798358917236
0.07646416127681732
0.05244141072034836
0.10695730894804001
0.04185769706964493
0.06483085453510284
0.06712077558040619
0.02759382501244545
0.0622774139046669
0.03186770901083946
0.0704849511384964
0.05826227739453316
0.05864974856376648
0.054892588406801224
0.055138591676950455
0.06876492500305176
0.10386564582586288
0.03640095517039299
0.019175808876752853
0.057005275040864944
0.016834957525134087
0.03807723894715309
0.020310288295149803
0.037312403321266174
0.04593990370631218
0.04864146187901497
0.05401759594678879
0.027994617819786072
0.0675802230834961
0.0833873301744461
0.03390892222523689
0.05196124687790871
0.054379165172576904
0.09430026262998581
0.0850379541516304
0.08525869250297546
0.03693632036447525
0.05821473151445389
0.07818545401096344
0.03673016279935837
0.04572077840566635
0.045319486409425735
0.05483541637659073
0.03413425758481026
0.06700923293828964
0.053925301879644394
0.05223473906517029
0.04500699043273926
0.049208108335733414
0.05134589225053787
0.07588563859462738
0.0600120946764946
0.051365818828344345
0.08847615122795105
0.0723583996295929
0.035663120448589325
0.04734281077980995
0.04031840339303017
0.06122685596346855
0.04603602737188339
0.05230790376663208
0.06925434619188309
0.04799526557326317
0.051959820091724396
0.047219522297382355
0.05480518564581871
0.05693294480443001
0.0395587719976902
0.06675148755311966
0.03774893656373024
0.08274997025728226
0.06358141452074051
0.06340223550796509
0.07967795431613922
0.06285292655229568
0.07855889201164246
0.03990290313959122
0.0484037846326828
0.07428935915231705
0.050663698464632034
0.06730156391859055
0.046257417649030685
0.03234577551484108
0.037933994084596634
0.034965917468070984
0.05653080716729164
0.0843764990568161
0.043537747114896774
0.05391509830951691
0.062023408710956573
0.09475047141313553
0.06254960596561432
0.07944046705961227
0.04803891107439995
0.04053148627281189
0.12415657937526703
0.050148993730545044
0.040374163538217545
0.06125108152627945
0.09111188352108002
0.0589558482170105
0.052659548819065094
0.04341356083750725
0.041665006428956985
0.0491018109023571
0.047808997333049774
0.03804035484790802
0.035690367221832275
0.08037681132555008
0.039908576756715775
0.03572428598999977
0.034852299839258194
0.05592601001262665
0.03717629238963127
0.052808746695518494
0.02632041461765766
0.07159998267889023
0.04964734986424446
0.06403622776269913
0.04341473430395126
0.06055145710706711
0.12477923929691315
0.06914903968572617
0.07083725929260254
0.04526754841208458
0.05091962590813637
0.07527515292167664
0.043788664042949677
0.05010558292269707
0.07548482716083527
0.05279849097132683
0.05618159845471382
0.07156267017126083
0.04848576709628105
0.02973378449678421
0.04904213175177574
0.05305393040180206
0.07572442293167114
0.06474224478006363
0.06087053567171097
0.0339757576584816
0.03632097318768501
0.04861569032073021
0.05947991460561752
0.004459674470126629
0.03699987754225731
0.04248599708080292
0.08376675844192505
0.051275916397571564
0.08641809225082397
0.07751476019620895
0.042308781296014786
0.060444388538599014
0.043285489082336426
0.05341756343841553
0.07449311017990112
0.09429585188627243
0.033622924238443375
0.05847994238138199
0.0738452896475792
0.009897159412503242
0.04683858901262283
0.037159692496061325
0.0848417654633522
0.06102149561047554
0.05845886468887329
0.09320499747991562
0.05902088060975075
0.04427608102560043
0.0675383135676384
0.05272742733359337
0.0372655987739563
0.03508685529232025
0.03475542739033699
0.034552156925201416
0.05061974748969078
0.06444749981164932
0.07538846880197525
0.06469053030014038
0.05075474828481674
0.051617249846458435
0.05379156395792961
0.06374984979629517
0.05503417178988457
0.07199769467115402
0.08345051109790802
0.042576320469379425
0.05713241919875145
0.07726657390594482
0.09290187805891037
0.05547643452882767
0.11893409490585327
0.042190033942461014
0.024675216525793076
0.039689257740974426
0.05404158681631088
0.06470966339111328
0.055673182010650635
0.051428522914648056
0.05286696180701256
0.054917216300964355
0.07256627827882767
0.028499359264969826
0.051778394728899
0.05636206269264221
0.06631476432085037
0.07338348031044006
0.07740207761526108
0.03333677724003792
0.06287689507007599
0.05634519085288048
0.07287313789129257
0.050233710557222366
0.05032183229923248
0.051046330481767654
0.07196363061666489
0.05359906703233719
0.04655944183468819
0.047217175364494324
0.05736924707889557
0.05422121658921242
0.010767034254968166
0.043647993355989456
0.03964852914214134
0.045048635452985764
0.057057347148656845
0.028237778693437576
0.0548742339015007
0.06243262067437172
0.07161084562540054
0.07807668298482895
-0.00014432663738261908
0.06599919497966766
0.04197483882308006
0.07455375790596008
0.027542930096387863
0.0341586098074913
0.04597587510943413
0.08369816839694977
0.04990715533494949
0.029778974130749702
0.08822998404502869
0.10630474239587784
0.06305661052465439
0.0614224337041378
0.07163575291633606
0.05855964496731758
0.029325565323233604
0.059439558535814285
0.07618977874517441
0.07828232645988464
0.02084561437368393
0.0388655886054039
0.06737661361694336
0.05857304856181145
0.04678305983543396
0.028802063316106796
0.034207869321107864
0.07308410853147507
0.06778234988451004
0.052793845534324646
0.04584376513957977
0.0597105473279953
0.038547199219465256
0.05229577422142029
0.043576546013355255
0.06702036410570145
0.025526290759444237
0.0552189014852047
0.05600539594888687
0.06657620519399643
0.06801389157772064
0.05779633671045303
0.09003984183073044
0.02164970338344574
0.06081649288535118
0.01680416613817215
0.08284562081098557
0.053770676255226135
0.04791785404086113
0.04624362662434578
0.048087067902088165
0.06257204711437225
0.059525664895772934
0.037732113152742386
0.07082901149988174
0.04401274025440216
0.05213051289319992
0.06087583303451538
0.07367545366287231
0.031078722327947617
0.02198673039674759
0.056497666984796524
0.05941255763173103
0.055491846054792404
0.05334056168794632
0.07886950671672821
0.034061215817928314
0.04924224317073822
0.03657236695289612
0.03613689914345741
0.07620537281036377
0.05384612828493118
0.05013220012187958
0.046715959906578064
0.07863300293684006
0.04524645581841469
0.09867379814386368
0.05921334773302078
0.04414667934179306
0.09156560152769089
0.058576397597789764
0.0634467750787735
0.052555881440639496
0.03210063278675079
0.04949188977479935
0.042389627546072006
0.03508090227842331
0.04825602099299431
0.0791228637099266
0.0700623020529747
0.04635883867740631
0.06247978284955025
0.0666179284453392
0.08407396823167801
0.0710882842540741
0.05970659479498863
0.04936101287603378
0.050787437707185745
0.012245330028235912
0.09361216425895691
0.051286567002534866
0.04700635373592377
0.07839609682559967
0.04560822620987892
0.08437274396419525
0.05206472799181938
0.09927795827388763
0.00532158836722374
0.0335036925971508
0.04818129166960716
0.04594510421156883
0.02595541439950466
0.040670402348041534
0.06529507786035538
0.06974340975284576
0.05404125526547432
0.0601937472820282
0.05794075131416321
0.04993152990937233
0.010906646028161049
0.09062904119491577
0.056575652211904526
0.07753990590572357
0.04986519366502762
0.06101971119642258
0.05144529044628143
0.0744582861661911
0.04862656071782112
0.049140192568302155
0.047970838844776154
0.06508040428161621
0.03783448413014412
0.05927580967545509
0.059369657188653946
0.030415639281272888
0.016777044162154198
0.05564827844500542
0.05663226172327995
0.07078151404857635
0.07163003832101822
0.03397500887513161
0.04672041907906532
0.07048633694648743
0.050475671887397766
0.05484478175640106
0.043489545583724976
0.03888101875782013
0.06201767921447754
0.07117481529712677
0.05532544478774071
0.06031174212694168
0.03880389779806137
0.05144548788666725
0.03707000985741615
0.05587782710790634
0.09098062664270401
0.04110291972756386
0.07387562096118927
0.042489193379879
0.0555335208773613
0.06355391442775726
0.05621928721666336
0.06210075318813324
0.05551581829786301
0.056195229291915894
0.04173702001571655
0.054166197776794434
0.048414312303066254
0.05413181334733963
0.04576586186885834
0.02297421731054783
0.06840156763792038
0.08277364075183868
0.06844407320022583
0.05521561577916145
0.06849679350852966
0.07794496417045593
0.08980490267276764
0.08348539471626282
0.04253876954317093
0.06573830544948578
0.01961088739335537
0.06666410714387894
0.03274241462349892
0.07093562185764313
0.053328633308410645
0.039934925734996796
0.013376978226006031
0.043106600642204285
0.05888260155916214
0.06669503450393677
0.04342763125896454
0.06352010369300842
0.02973233163356781
0.0506211519241333
0.06654412299394608
0.0633554607629776
0.03357255086302757
0.029934924095869064
0.060282591730356216
0.09992581605911255
0.0368523895740509
0.061561331152915955
0.06032726913690567
0.02766396664083004
0.03893129527568817
0.06706824153661728
0.06873514503240585
0.04107902571558952
0.07075100392103195
0.03706810250878334
0.05215175077319145
0.06006820127367973
0.059466809034347534
0.052852898836135864
0.057218898087739944
0.050627902150154114
0.061979006975889206
0.0451013408601284
0.05442234128713608
0.04837420582771301
0.04600995033979416
0.05915648862719536
0.04495162144303322
0.05249124392867088
0.05242602154612541
0.014303396455943584
0.08506573736667633
0.0636126920580864
0.04488131403923035
0.05148915573954582
0.027040446177124977
0.07628748565912247
0.05942496284842491
0.05388956889510155
0.0653582513332367
0.0548105388879776
0.04948724806308746
0.06090156361460686
0.05963001772761345
0.042389292269945145
0.05139663815498352
0.04183443635702133
0.04092027246952057
0.05035873502492905
0.049491334706544876
0.034732636064291
0.04133174568414688
0.024738626554608345
0.06276333332061768
0.06002303212881088
0.0798446461558342
-0.0013418210437521338
0.08917287737131119
0.036926448345184326
0.041842054575681686
0.07159816473722458
0.06128320097923279
0.0596715584397316
0.0823047086596489
0.05032488703727722
0.06058473512530327
0.0462648831307888
0.06099647283554077
0.03430725634098053
0.058376021683216095
0.03707127645611763
0.03408614918589592
0.0681677758693695
0.053302913904190063
0.045564427971839905
0.04780081659555435
0.05686718598008156
0.03824741020798683
0.07082485407590866
0.03823365643620491
0.03714302182197571
0.020287232473492622
0.10150937736034393
0.07463622093200684
0.044505804777145386
0.0523514561355114
0.0157159473747015
0.059618715196847916
0.039528988301754
0.08725488185882568
0.04618263989686966
0.05527555197477341
0.02318279817700386
0.05913138762116432
0.05035964027047157
0.03590455278754234
0.03995329514145851
0.009747740812599659
0.023929091170430183
0.04380824416875839
0.06681869179010391
0.08069967478513718
0.01812887191772461
0.036086197942495346
0.06258290261030197
0.04799378663301468
0.04676177352666855
0.07587729394435883
0.06847049295902252
0.055327095091342926
0.04105668514966965
0.07161914557218552
0.0420713946223259
0.05183792859315872
0.0649871826171875
0.08431155234575272
0.05378178879618645
0.03283049911260605
0.043860990554094315
0.05828806012868881
0.05472570285201073
0.06228617951273918
0.055630940943956375
0.11666704714298248
0.05345030501484871
0.02637726254761219
0.0845278725028038
0.05816703662276268
0.07019416987895966
0.048092007637023926
0.03866563364863396
0.04905186966061592
0.04745461791753769
0.09366314113140106
0.04393136128783226
0.06190677359700203
0.0038825443480163813
0.05400370433926582
0.06999746710062027
0.07222702354192734
0.055453669279813766
0.049605242908000946
0.058206867426633835
0.05188920721411705
0.06933823227882385
0.07462666928768158
0.05416787415742874
0.05669529363512993
0.028562216088175774
0.053502295166254044
0.054424501955509186
-0.0013526624534279108
0.04699128493666649
0.05645531043410301
0.04904226213693619
0.025983188301324844
0.06726697832345963
0.0642014816403389
0.05017482489347458
0.07223411649465561
0.0442248210310936
0.06531550735235214
0.054195601493120193
0.04979746788740158
0.058612145483493805
0.039138808846473694
0.05185922607779503
0.035643354058265686
0.09307398647069931
0.04713945463299751
0.057965654879808426
0.05373488366603851
0.0636829286813736
0.07747173309326172
0.04838808998465538
0.03241686522960663
0.06417978554964066
0.06974632292985916
0.07459774613380432
0.07520165294408798
0.037938691675662994
0.06196865066885948
0.07841036468744278
0.050788044929504395
0.06260064244270325
0.050056446343660355
0.060986969619989395
0.062223102897405624
0.07077091932296753
0.04908812791109085
0.07085642218589783
0.04771335795521736
0.04505756497383118
0.07676044851541519
0.06944983452558517
0.02928519807755947
0.11612328886985779
0.05558761581778526
0.03983723744750023
0.0753089115023613
0.05977344512939453
0.06532946228981018
0.03505959361791611
0.05870679020881653
0.05975450202822685
0.031440798193216324
0.03519129753112793
0.061068493872880936
0.047411032021045685
0.020659083500504494
0.07290127873420715
0.059189293533563614
0.06484968960285187
0.03712733834981918
0.05120895057916641
0.024200083687901497
0.07945846021175385
0.045444440096616745
0.06533898413181305
0.011780986562371254
0.08816155791282654
0.05778553709387779
0.052828285843133926
0.09786330163478851
0.04358720779418945
0.052743129432201385
0.05909748747944832
0.06785201281309128
0.03797006234526634
0.013331407681107521
0.04336090758442879
0.059924207627773285
0.05271030217409134
0.0802680104970932
0.07888040691614151
0.07146451622247696
0.07071373611688614
0.06286296248435974
0.1032198816537857
0.05766097456216812
0.04841246455907822
0.03832816332578659
0.04938134178519249
0.053754229098558426
0.033790361136198044
0.07979979366064072
0.06065165624022484
0.04487142339348793
0.03587769716978073
0.060916684567928314
0.03177136555314064
0.06419093161821365
0.01319518405944109
0.056638091802597046
0.04396820813417435
0.055934127420186996
0.04881962016224861
0.0757376179099083
0.015251156874001026
0.08449893444776535
0.060451868921518326
0.072531558573246
0.044432900846004486
0.0550561398267746
0.056654442101716995
0.05403807759284973
0.045530643314123154
0.03830435127019882
0.0727861300110817
0.07181761413812637
0.05729566141963005
0.07801635563373566
0.08263589441776276
0.05283834785223007
0.08713702112436295
0.030501479282975197
0.0391199104487896
0.07419110834598541
0.03378130495548248
0.07740361243486404
0.06303741782903671
0.017548874020576477
0.036455970257520676
0.04798716679215431
0.055314596742391586
0.059397775679826736
0.056786857545375824
0.06951441615819931
0.03370335325598717
0.05894928053021431
0.04275987669825554
0.04943813756108284
0.04575927183032036
0.07004808634519577
0.052797600626945496
0.08247771859169006
0.1056775376200676
0.038109712302684784
0.04292534291744232
0.04558304697275162
0.06582603603601456
0.055937204509973526
0.044147755950689316
0.038765598088502884
0.06850481033325195
0.02774939313530922
0.062083158642053604
0.0514095164835453
0.07265298068523407
0.07579230517148972
0.04449142888188362
0.02355332300066948
0.06102666258811951
0.050921838730573654
0.03731371462345123
0.037084437906742096
0.03918580710887909
0.06429550051689148
0.03721107915043831
0.06400448828935623
0.06874709576368332
0.054728198796510696
0.05112866312265396
0.07855131477117538
0.06488189101219177
0.06974589824676514
0.040933798998594284
0.06178729608654976
0.054990004748106
0.06823980808258057
0.07286221534013748
0.06440652906894684
0.05823727324604988
0.049018360674381256
0.06344872713088989
0.06247854232788086
0.042915988713502884
0.06663382798433304
0.04999244213104248
0.035287875682115555
0.0505448617041111
0.0776597186923027
0.031811147928237915
0.053100936114788055
0.05367158353328705
0.04299209266901016
0.06555946171283722
0.08937398344278336
0.06635094434022903
0.06946134567260742
0.06355221569538116
0.08816765993833542
0.025477681308984756
0.062030598521232605
0.08607414364814758
0.05236101523041725
0.057223595678806305
0.0320686474442482
0.08345181494951248
0.04062839597463608
0.02092711254954338
0.035666149109601974
0.002151790540665388
0.06330748647451401
0.07049635052680969
0.045562535524368286
0.041124239563941956
0.07046040147542953
0.03057280369102955
0.0641728937625885
0.0434408076107502
0.03377583622932434
0.01968635991215706
0.05567485839128494
0.06604072451591492
0.084435373544693
0.05527598410844803
0.04930994287133217
0.02970634214580059
0.0493805967271328
0.09508022665977478
0.03281914070248604
0.0676243007183075
0.04318856820464134
0.06348298490047455
0.05842350423336029
0.0011514457874000072
0.036511704325675964
0.03205863758921623
0.09153233468532562
0.0414019376039505
0.06026378646492958
0.038561850786209106
0.040018584579229355
0.06677435338497162
0.0442928820848465
0.0922020897269249
0.056202661246061325
0.048424262553453445
0.058322347700595856
0.059830207377672195
0.05827794969081879
0.028861654922366142
0.07216198742389679
0.03139928728342056
0.0537690706551075
0.06416335701942444
0.0394364632666111
0.06442736089229584
0.08324956893920898
0.04826885089278221
0.04033175855875015
0.06498940289020538
0.05431745946407318
0.08326937258243561
0.04734615609049797
0.08043947070837021
0.055630799382925034
0.04645942524075508
0.04822482168674469
0.05958489328622818
0.10541525483131409
0.05495399236679077
0.06554766744375229
0.04530395194888115
0.05445002019405365
0.06256253272294998
0.07735218107700348
0.06816207617521286
0.06276912987232208
0.03590991720557213
0.04119279235601425
0.07455841451883316
0.08016788214445114
0.041330743581056595
0.03101283870637417
0.07030264288187027
0.056918926537036896
0.026150578632950783
0.05818113312125206
0.05931033194065094
0.040877021849155426
0.09422538429498672
0.0237292367964983
0.06470127403736115
0.06035424768924713
0.05696994438767433
0.05813189968466759
0.04085665941238403
0.12005533277988434
0.05584867671132088
0.03559986501932144
0.04276005178689957
0.06798284500837326
0.07717644423246384
0.0802796259522438
0.0590178519487381
0.05025864392518997
0.04629714787006378
0.058776430785655975
0.04645506292581558
0.07845979183912277
0.055727116763591766
0.06184850260615349
0.0947265699505806
0.04728949815034866
0.1007247194647789
0.05259338766336441
0.07460492849349976
0.05846584588289261
0.05524463951587677
0.08827196806669235
0.05795162543654442
0.08490223437547684
0.0818081721663475
-0.0009771204786375165
0.08470635116100311
0.06572318077087402
0.06844208389520645
0.05857313796877861
0.06676298379898071
0.020138975232839584
0.05922246724367142
0.0782829150557518
0.06683316081762314
0.039700161665678024
0.07247437536716461
0.047503549605607986
0.05073639750480652
0.059096187353134155
0.043504878878593445
0.030735529959201813
0.03262414410710335
0.04391235485672951
0.04271380975842476
0.04727959632873535
0.06629783660173416
0.05608098953962326
0.026471011340618134
0.09753309935331345
0.06152644753456116
0.07587014138698578
0.05977025255560875
0.0712713673710823
0.05081528425216675
0.06562729924917221
0.024044383317232132
0.09238089621067047
0.06793143600225449
0.04125968739390373
0.06060558557510376
0.07113464176654816
0.03848947584629059
0.07341410964727402
0.07193996757268906
0.05996937304735184
0.07639984786510468
0.03754548728466034
0.07086838036775589
0.05635036528110504
0.08207106590270996
0.05286538600921631
0.06823362410068512
0.046969011425971985
0.05776680260896683
0.05350244417786598
0.06536383181810379
0.06220816448330879
0.05821218714118004
0.08382713049650192
0.030494865030050278
0.05657849833369255
0.04447779804468155
0.046536222100257874
0.029656922444701195
0.04652092978358269
0.09301617741584778
0.05502108484506607
0.07493764907121658
0.03413409739732742
-0.00023719482123851776
0.06994593888521194
0.08952147513628006
0.06173747032880783
0.06450705230236053
0.04200894385576248
0.06729830056428909
0.056085359305143356
0.05617125332355499
0.031123831868171692
0.04427509009838104
0.05593857541680336
0.0407743863761425
0.08471822738647461
0.06056290864944458
0.05839613825082779
0.06218641623854637
0.049710698425769806
0.08239775151014328
0.06647294014692307
0.05604550987482071
0.11508914828300476
0.05859772488474846
0.05302399769425392
0.03273674100637436
0.04817472770810127
0.04851789399981499
0.0499599389731884
0.09060730785131454
0.07154211401939392
0.038944993168115616
0.030417179688811302
0.030341194942593575
0.07739824801683426
0.04645492509007454
0.05677679553627968
0.06532549858093262
0.06524171680212021
0.022724052891135216
0.06294559687376022
0.055428680032491684
0.02532801777124405
0.05468176305294037
0.030459491536021233
0.035937029868364334
0.06427811086177826
0.06088105961680412
0.062328387051820755
0.06385485082864761
0.06727742403745651
0.03677044436335564
0.05626045539975166
0.05191903933882713
0.04709137976169586
0.04057828709483147
0.0974462553858757
0.07317272573709488
0.0869239792227745
0.07204810529947281
0.047250039875507355
0.04882916808128357
0.06270955502986908
0.0522444061934948
0.05480407923460007
0.016055021435022354
0.052141740918159485
0.08584734797477722
0.028844788670539856
0.05175897851586342
0.03753846883773804
0.04886883869767189
0.06285576522350311
0.03984096273779869
0.03677850961685181
0.0932839959859848
0.06497780233621597
0.030700627714395523
0.06713557988405228
0.05983521044254303
0.060550231486558914
0.06246862933039665
0.088255375623703
0.04661767557263374
0.05013316869735718
0.06781928241252899
0.01290496252477169
0.023612376302480698
0.07286716997623444
0.09007133543491364
0.04850130155682564
0.06580878049135208
0.02282053790986538
0.06309908628463745
0.04176952317357063
0.04196799546480179
0.035898350179195404
0.06753965467214584
0.0690380185842514
0.03021322935819626
0.056656934320926666
0.032574061304330826
0.04718494042754173
0.010178244672715664
0.03801744058728218
0.06749661266803741
0.015615544281899929
0.051752518862485886
0.07768682390451431
0.07622329890727997
0.014737498946487904
0.037551477551460266
0.04777637869119644
0.05907576531171799
0.051175590604543686
0.050922226160764694
0.030219221487641335
0.03529726341366768
0.06355402618646622
0.057591550052165985
0.03870781883597374
0.04012983664870262
0.08100894093513489
0.04607878625392914
0.04400849714875221
0.032385651022195816
0.046276263892650604
0.06628747284412384
0.052922047674655914
0.04941924288868904
0.02559705823659897
0.021937130019068718
0.07504570484161377
0.042335204780101776
0.0513717457652092
0.05291033536195755
0.04780464991927147
0.04769781976938248
0.05806896835565567
0.06472871452569962
0.035037215799093246
0.09011326730251312
0.03164602071046829
0.05282461270689964
0.04178410395979881
0.06299451738595963
0.06100618466734886
0.05486090108752251
0.10177043825387955
0.058194369077682495
0.047761037945747375
0.06014605611562729
0.02907656505703926
0.056303560733795166
0.027863841503858566
0.07432273775339127
0.05062700808048248
0.03135723993182182
0.05075431987643242
0.03630104660987854
0.06920136511325836
0.06152607873082161
0.09122323244810104
0.10266728699207306
0.0484934002161026
0.03925881162285805
0.037344105541706085
0.03987862542271614
0.030156368389725685
0.07988890260457993
0.06613471359014511
0.04301930218935013
0.042823098599910736
-0.0005369925638660789
0.08352155983448029
0.05196451023221016
0.03820112720131874
0.04344682767987251
0.056321896612644196
0.0373135469853878
0.05280592292547226
0.08290909975767136
0.020548170432448387
0.04796590283513069
0.054916635155677795
0.051129475235939026
0.08904530853033066
0.08838768303394318
0.0414888970553875
0.06786134093999863
0.04205154627561569
0.1007462814450264
0.07827633619308472
0.07819455116987228
0.06030135601758957
0.06432890146970749
0.06123591959476471
0.06242945045232773
0.049423474818468094
0.03832240402698517
0.06276041269302368
0.05561060458421707
0.02130170911550522
0.09312337636947632
0.0442502424120903
0.057535335421562195
0.05358436703681946
0.06036439538002014
0.05245300009846687
0.07537039369344711
0.057668786495923996
0.04119204729795456
0.0710972473025322
0.055184025317430496
0.07325980812311172
0.045267995446920395
0.05995284765958786
0.05844493210315704
0.06712423264980316
0.07281872630119324
0.04426376149058342
0.06187882646918297
0.05824779346585274
0.044079963117837906
0.042732398957014084
0.07021161913871765
0.05785941332578659
0.044279929250478745
0.059338461607694626
0.05014430731534958
0.1182246208190918
0.06843961030244827
0.035451989620923996
0.052804481238126755
0.040557119995355606
0.04093651473522186
0.05716869235038757
0.07816508412361145
0.049026452004909515
0.027887579053640366
0.058328814804553986
0.04379761964082718
0.1049775704741478
0.051391780376434326
0.051434628665447235
0.057073839008808136
0.043765660375356674
0.06586108356714249
0.031130993738770485
0.046700652688741684
0.09073808044195175
0.05145114287734032
0.05889139696955681
0.03788389638066292
0.04630931466817856
0.06516586244106293
0.0775107815861702
0.011421632952988148
0.04501236975193024
0.032741349190473557
0.045128773897886276
0.0633775070309639
0.0708158016204834
0.06867123395204544
0.05436868220567703
0.06469035893678665
0.04050086811184883
0.05571237951517105
0.017426757141947746
0.053123556077480316
0.08778800070285797
0.037001121789216995
0.05743429809808731
0.040943119674921036
0.08970077335834503
0.04066476598381996
0.07217366993427277
0.03535626083612442
0.05316135287284851
0.01693970337510109
0.0943496897816658
0.028559058904647827
0.050247251987457275
0.09295834600925446
0.03505896404385567
0.04567629471421242
0.040577758103609085
0.04137364402413368
0.05682654678821564
0.04894426465034485
0.07700429111719131
0.0655972808599472
0.07910113781690598
0.06425461918115616
0.029100803658366203
0.06252150982618332
0.053454939275979996
0.0363333486020565
0.0915030762553215
0.08379951864480972
0.07821578532457352
0.05552395433187485
0.05122169107198715
0.03877564147114754
0.07014290243387222
0.07831180840730667
0.06837187707424164
0.029562726616859436
0.021143024787306786
0.03969582915306091
0.08121742308139801
0.031498562544584274
0.06501615792512894
0.035627901554107666
0.04069448262453079
0.06865803152322769
0.005101433955132961
0.04007066413760185
0.00860260147601366
0.039619412273168564
0.05791313201189041
0.04927489534020424
0.06888808310031891
0.03128618746995926
0.03885182738304138
0.05349862575531006
0.04573992267251015
0.02335287071764469
0.05255303531885147
0.05820414051413536
0.05666407197713852
0.07554663717746735
0.04233638569712639
0.04959268867969513
0.07903881371021271
0.028620410710573196
0.05999627336859703
0.033613868057727814
0.06684215366840363
0.057999931275844574
0.036117445677518845
0.05566711351275444
0.047415412962436676
0.07951691001653671
0.008650130592286587
0.005957120098173618
0.04679631441831589
0.08388020098209381
0.06518716365098953
0.05245775729417801
0.0858619287610054
0.05398578569293022
0.08845817297697067
0.06321480125188828
0.07887811958789825
0.034220095723867416
0.040775980800390244
0.06494837254285812
0.050812531262636185
0.0707339271903038
0.06636907160282135
0.06778466701507568
0.05340483784675598
0.0311435516923666
0.07818518579006195
0.03746866062283516
0.035799238830804825
0.06054404005408287
0.038251832127571106
0.023747432976961136
0.04927920922636986
0.03840159624814987
0.061283987015485764
0.04562276229262352
0.04419254884123802
0.058843906968832016
