0.08664624392986298
-0.018141398206353188
0.13418930768966675
0.021686697378754616
0.06259144842624664
-0.07472195476293564
0.03308896720409393
0.09040416777133942
0.18341194093227386
0.07450129836797714
0.05991116166114807
-0.01433081179857254
0.17102907598018646
0.006278571207076311
0.03501347452402115
0.17911729216575623
-0.05890753120183945
0.1270204782485962
0.17913760244846344
0.2374640554189682
0.01872551627457142
-0.028949156403541565
0.18744736909866333
0.039839811623096466
0.14653553068637848
0.021923160180449486
0.10497869551181793
0.14209026098251343
-0.07099373638629913
-0.018345162272453308
0.08897531777620316
0.05705412104725838
0.13888481259346008
0.20818153023719788
0.10774438083171844
0.08540983498096466
0.017149511724710464
0.271078497171402
0.08711905777454376
0.05937141925096512
0.3166470229625702
-0.052632421255111694
0.15077145397663116
0.06408020108938217
0.17603476345539093
0.1702907234430313
-0.06461769342422485
0.13615982234477997
0.01672327145934105
-0.0678270012140274
0.06305962055921555
0.14920593798160553
0.10506971180438995
0.047822002321481705
0.27649202942848206
0.07234220951795578
-0.1261296421289444
0.16344603896141052
-0.06452224403619766
-0.007859939709305763
0.14376233518123627
0.16144432127475739
0.025509890168905258
0.11751259863376617
-0.08881590515375137
0.22239510715007782
0.05577125400304794
0.014372053556144238
0.1645115613937378
-0.1988193690776825
0.0001905677345348522
0.02292286604642868
-0.1725853830575943
0.08120094984769821
0.03797830268740654
-0.11063072830438614
0.06844988465309143
0.053312912583351135
0.005559371318668127
0.06825666129589081
-0.25634217262268066
0.08124426752328873
-0.0692475289106369
0.05454776808619499
-0.059896789491176605
0.1201915442943573
-0.17202645540237427
0.07096058875322342
0.03096882812678814
-0.08081764727830887
0.05126523971557617
-0.20620258152484894
0.19447635114192963
-0.08899043500423431
-0.08614769577980042
0.1708805412054062
0.1631416380405426
0.22547675669193268
0.1362619400024414
-0.02899075299501419
-0.08533751219511032
-0.0015907040797173977
0.012849325314164162
-0.07638660818338394
-0.023489948362112045
0.032956790179014206
0.16552509367465973
-0.021521907299757004
-0.010090727359056473
0.1256255954504013
0.20016968250274658
0.1658455729484558
0.024982618167996407
0.0905284732580185
0.15876585245132446
-0.14161089062690735
0.08815774321556091
0.04904025048017502
-0.0779145285487175
0.13044856488704681
0.08252592384815216
0.20595014095306396
0.07494333386421204
-0.00972832553088665
-0.01082996279001236
0.0743878111243248
0.0742354691028595
0.14482621848583221
