-0.02616015076637268
0.37561315298080444
-0.10959134995937347
-0.12908446788787842
-0.03306330367922783
-0.17771221697330475
0.26657748222351074
-0.00034235461498610675
0.10145687311887741
-0.13632111251354218
-0.13492895662784576
-0.08229592442512512
-0.03871921822428703
-0.01354027446359396
0.1480393409729004
0.1458982527256012
0.12211160361766815
-0.261882483959198
-0.00385037693195045
0.26068007946014404
-0.13414940237998962
0.08110792189836502
0.04666253551840782
0.08842553943395615
0.9218238592147827
0.1763593703508377
0.26631346344947815
-0.024934954941272736
0.14909113943576813
0.05363848805427551
0.06031929329037666
0.11674380302429199
-0.12547951936721802
0.17779730260372162
-0.038082707673311234
-0.07059799134731293
-0.01634620688855648
-0.00894100870937109
-0.26235640048980713
0.18348097801208496
-0.024745848029851913
-0.016001833602786064
0.041249413043260574
-0.1339370310306549
0.04456085339188576
-0.2691066861152649
-0.05620778352022171
0.035029809921979904
-0.04099753126502037
-0.008017283864319324
-0.09449638426303864
0.11803413927555084
-0.21164295077323914
0.2552449703216553
0.08310287445783615
-0.08479826152324677
0.0001756381243467331
0.03274543955922127
0.019275441765785217
-0.08300518244504929
0.1235123947262764
0.124527707695961
0.04252150282263756
0.1982644498348236
0.03591879457235336
0.03321390599012375
-0.01506822369992733
0.01745624467730522
-0.05568382143974304
0.01859245076775551
0.09866276383399963
0.005857968702912331
-0.07420259714126587
0.08346141874790192
0.1180335134267807
0.22758537530899048
0.2638643682003021
0.018882328644394875
0.007119814865291119
0.024374574422836304
-0.038068559020757675
0.11857864260673523
-0.025808945298194885
-0.16493158042430878
-0.06002315133810043
0.15827873349189758
-0.018128428608179092
0.017147239297628403
-0.07677987962961197
-0.11398762464523315
-0.010977538302540779
0.01539482083171606
-0.17809215188026428
0.02420562319457531
-0.061827972531318665
0.058281172066926956
-0.0225830078125
-0.004397816490381956
-0.21521975100040436
0.35710471868515015
0.07042017579078674
0.0898241251707077
-0.12216752022504807
0.02838842011988163
0.28127577900886536
0.03210281953215599
-0.02412390150129795
0.09802456200122833
0.1927526891231537
0.04884931445121765
0.18694472312927246
-0.3094957768917084
0.044179659336805344
0.2660921514034271
-0.06007881835103035
-0.10044223815202713
-0.2335750013589859
0.06025344878435135
-0.0573328360915184
0.04028058797121048
-0.18849168717861176
-0.10592249035835266
0.27282246947288513
0.1737200766801834
0.26090970635414124
-0.03511861339211464
0.06352350860834122
0.21412937343120575
