-0.5537306
0.1427047
0.5289615
-0.58312404
0.35655147
0.76566225
-0.69022113
-0.048018854
0.48409155
0.17548391
0.00986297
-0.08141315
0.044088922
-0.07032251
-0.26035076
0.13239175
-0.1727862
-0.1322633
0.31302562
-0.1659134
-0.42752257
0.47518674
-0.08267727
-0.48699915
0.63202524
0.019307574
-0.2775303
0.23253721
0.12665984
0.1860546
-0.42805314
-0.24348575
0.24628444
-0.2506616
0.14177004
-0.0054864027
-0.14076217
-0.21902554
0.15040672
-0.84126675
-0.3517562
0.5639763
-0.24194452
0.5192758
0.5391499
-0.31432396
-0.37047786
-0.13093661
-0.47144184
-0.15503426
0.3458899
0.054383926
0.5868277
0.49579924
0.17715041
0.5214905
0.009873987
-0.27184746
-0.7170887
0.31292373
-0.0757526
-0.2207885
0.3345525
0.3092393
0.67070955
0.020545712
-0.46607393
-1.0696912
0.33501378
-0.08028423
-0.30522397
0.54460436
0.31572035
0.42334566
-0.3497626
0.08635361
-0.46456954
0.011802874
0.10482651
-0.14583579
-0.015764894
0.06708889
0.19257887
0.18430705
0.051970534
0.2506581
0.20163463
-0.055542026
0.033906188
-0.03495413
-0.17888686
-0.08908787
0.046824228
-0.25704595
-0.051447403
0.07478873
-0.18525016
-0.11811619
-0.1041266
-0.067844726
0.11861335
0.19436684
-0.12034615
0.13880135
0.27212286
-0.13372129
0.016155208
0.092627004
0.3127371
0.5603813
-0.12867825
0.0051204506
-0.029498508
-0.040119693
-0.17798798
-0.35037315
-0.17861612
0.7214239
1.0733879
0.05597005
-0.041376177
-0.11318427
-0.21013932
-0.4245686
-0.6733085
-0.38667133
0.36843932
0.65840644
0.016453538
-0.0053839115
0.023462966
-0.0078735
-0.30822104
-0.4529321
-0.2611216
-0.09618157
-0.09250899
-0.117308326
-0.007901207
0.053740464
-0.017651543
0.10746467
0.19217075
0.052777305
-0.23016661
-0.21498996
-0.18155658
-0.12459823
-0.013830354
-0.048953947
-0.006238315
0.14747936
0.053079277
-0.036617186
-0.003807137
-0.024817431
0.062186833
0.20048437
0.117411315
0.1244814
0.29045862
0.111630745
-0.40899983
-0.15149319
0.43300506
-0.49002582
-0.15139134
0.6923675
-0.22097525
-0.07330352
0.3903696
-0.47356278
-0.17304243
0.6335979
-0.65974855
-0.20743127
0.9002837
-0.2969976
-0.15298064
0.38720113
-0.12294806
0.008942379
0.27380922
-0.30174658
-0.07338092
0.43106747
-0.12203427
-0.13931857
0.05425713
-0.060593646
0.08441689
-0.0004413421
0.11626511
0.266551
0.15847662
0.07464445
0.15532374
0.116225205
-0.07622784
0.090662286
0.0040561906
0.06238333
0.18595655
0.10726649
-0.04346196
0.02227135
0.012660411
-0.15091112
-0.023229519
-0.096420616
-0.036460128
0.06301151
0.00032307746
-0.071800165
-0.024154441
-0.015324294
-0.31449407
-0.36074913
-0.07893367
-0.13334285
0.39498025
0.3450732
0.087156914
0.41600424
0.37433538
0.009372862
-0.32165334
-0.040683717
-0.2889772
-0.030784668
-0.12883915
-0.29295853
-0.16555008
-0.26542997
0.4135466
0.15963201
0.055454746
0.18028283
0.32090124
-0.035360955
0.0029643914
0.0033336948
-0.26375887
-0.2152253
-0.43512207
-0.25470436
0.08803786
0.18391323
0.09675204
0.1612963
0.32625043
0.066225186
-0.35840264
-0.511458
-0.30650797
0.04865573
0.17114103
0.1329413
0.20244986
0.413428
0.17796005
-0.15251605
-0.3143454
-0.09948318
-0.009032086
0.1200407
0.106088445
0.041895024
0.21463642
0.035848092
-0.045543175
-0.13426879
0.09671517
-0.2455895
-0.15114947
0.24965875
0.0036898144
-0.020328017
0.071244486
-0.048401173
-0.14002644
0.20721816
-0.35075217
-0.19217649
0.35550874
-0.03712455
-0.04200073
0.0855385
0.029291647
-0.050412353
0.041543566
-0.2039498
-0.19158393
0.062886395
-0.036866397
-0.10712317
-0.06928279
-0.18510261
-0.40011176
0.21224192
0.1468231
-0.06544964
0.15058373
0.096795134
0.008671478
0.042779606
-0.30236775
-0.63384044
0.08720792
0.35992786
-0.03575682
0.1311142
0.23734026
0.11786566
0.044524793
-0.053825017
-0.22460416
0.19043982
0.16825423
-0.024500383
0.039524086
0.011711267
-0.05309948
-0.077666484
0.16640782
0.009702076
0.106575035
-0.021063551
-0.43272686
-0.059404217
0.16272216
-0.040845558
0.07759179
0.11038978
-0.07561669
0.058723077
-0.09360739
-0.4777235
-0.09412007
0.13267972
-0.03175207
0.12875803
-0.09657621
-0.14566067
-0.082400255
-0.1126327
-0.29539266
-0.11029209
-0.053753126
-0.10604022
-0.071396925
-0.11490853
-0.2152712
-0.104978226
-0.18987377
-0.19146188
-0.08558722
-0.07147787
-0.1405469
-0.038064852
0.023790583
-0.06246571
-0.01823031
0.0061294604
0.012019616
0.059468716
0.06752616
0.0033192644
0.0046492135
0.051071692
0.03645082
0.053641926
0.11762839
0.2375953
0.17732188
0.10950024
0.14393994
0.11378857
-0.38661325
-0.69504225
-0.53419435
-0.25204468
0.39017788
0.20938583
0.23470922
0.64042
0.42894864
0.08030232
-0.31682074
-0.35880592
-0.17163989
0.625242
0.19003068
-0.19101578
0.3075022
-0.072792634
0.66786194
0.36239558
0.25184375
-0.123360336
0.25560644
-0.0068430696
-0.5317097
-0.43834907
-0.5757511
-0.086053126
-0.19867487
-0.13948822
-0.062283866
-0.13371971
-0.21236432
0.005919859
-0.14029142
-0.12217588
-0.038994536
0.017086687
0.027511295
0.1525592
0.23133355
0.08912209
0.1098503
0.10577473
0.025197314
-0.046743847
0.0526001
0.08401381
0.02276443
0.22134772
0.097626485
-0.052292675
0.0034941705
-0.036719505
-0.010515588
-0.03116048
-0.046676207
0.083185375
0.13568294
-0.040900145
-0.05055626
0.016686458
-0.029975208
0.039709438
0.120382965
0.18139464
0.16097574
0.34806186
0.16964252
-0.026678855
0.08908116
0.11456587
-0.053823676
-0.3540166
-0.22074436
-0.07220199
-0.35214242
-0.34496164
0.102848515
-0.13387561
-0.015920836
-0.16290149
0.07789628
0.28113356
-0.28235877
-0.010048407
0.26533914
-0.13608664
-0.06596179
0.06739016
-0.30186978
-0.010593745
0.29517084
-0.37953877
-0.05396995
0.34185237
-0.15935776
-0.013278096
0.19156237
-0.14770792
-0.014339959
0.12193818
-0.20625186
-0.030139444
0.18381543
-0.008818792
0.03163888
0.066620596
0.1869402
0.41206318
0.09966759
0.11630591
0.14206652
0.17174801
0.022174273
0.012643313
-0.13744415
-0.22469261
-0.21292286
-0.34674478
-0.3510661
-0.56210345
-0.2524716
-0.046712488
-0.21340492
-0.17973004
-0.052762732
0.16115998
0.02242492
0.12806104
0.18633856
0.2929945
0.14293233
0.24208404
0.14458403
0.09578745
-0.13310695
0.51484764
0.050048012
0.566594
-0.099394426
-0.4351537
0.06445497
-0.62303203
-0.46441224
-0.9349545
0.06358702
0.21016926
0.79468
-0.17339444
0.13310988
0.7490012
-0.36958787
-0.32240137
-0.68912137
-0.079819344
0.07499825
0.4717695
-0.111439705
0.11497582
0.54172873
-0.024567457
-0.17151675
0.38655385
0.31230006
-0.3983541
-0.038735673
0.372409
-0.34294882
-0.2281448
0.11196819
0.08830787
0.69345546
0.3848393
-0.358679
-0.12748568
0.2643028
-0.4135017
-0.4529049
-0.08789389
0.17112388
0.4201594
0.061767295
-0.026513925
-0.005369075
0.03951427
-0.09567474
-0.2956544
-0.25769913
0.1488332
0.35739267
0.2007381
0.13835864
0.28457087
0.108042195
-0.25790757
-0.6212893
-0.3387384
0.09509566
0.37015238
0.17469788
0.19304587
0.37760994
0.111501895
-0.18350533
-0.7379492
-0.3890253
-0.27517805
-0.05170434
-0.07615944
0.02145137
0.23699003
0.14911425
0.03531029
-0.18004468
0.09741071
0.05540058
0.04578131
0.098806866
-0.13673177
-0.061794285
0.056437466
-0.2833328
-0.1583724
-0.022294646
0.2009536
0.1465212
0.03676297
0.18583098
0.27136365
0.14977285
-0.014618052
0.09926648
0.0703721
0.01708462
0.023685224
0.0957663
-0.17772292
-0.046092123
0.06957805
-0.2598591
-0.12245369
0.0334373
-0.24635012
-0.009579984
0.18001765
-0.36168027
-0.4656844
0.38133383
-0.23817156
-0.09918214
0.17088984
0.21299343
0.122884884
-0.13709351
0.31499645
-0.24940191
0.23538399
0.2018084
0.07750544
-0.05249334
0.26276064
0.06316484
-0.32394776
0.365595
-0.2117171
-0.15238982
0.25092632
0.005424382
-0.3432676
0.14769481
-0.051410466
-0.121183716
0.09795145
-0.24101697
-0.26088744
0.1893201
-0.06677769
-0.23589091
0.013352445
-0.0040744636
-0.048024494
-0.074676976
-0.181207
-0.12962984
0.015938066
-0.06676477
-0.19110021
-0.11838895
0.19630922
0.22177865
-0.06837773
0.3066819
0.40370852
-0.119101256
0.23158735
0.20681383
-0.005490266
-0.16856441
-0.067508996
-0.07703749
-0.27827713
-0.23242667
-0.10054634
-0.08905919
-0.038623083
0.12430072
-0.005366688
-0.020742845
0.2606463
0.100972965
-0.04959002
0.17658585
0.253508
0.1099056
-0.021439409
-0.21382682
-0.22378902
0.16807143
-0.004217683
-0.15109214
0.17115004
0.21497416
0.08239505
-0.09944239
-0.022313915
0.12835035
-0.11201113
0.082497045
0.15733781
-0.08327596
0.0052912603
0.048811775
-0.14939643
-0.2659792
-0.071289904
-0.23459765
-0.17721759
-0.092715986
-0.14602478
-0.20357534
-0.16838147
0.11068988
0.0983186
0.1531561
0.14491332
0.2812191
0.22190304
0.13163921
0.18328041
0.11292903
0.1424116
0.15634646
0.16230103
-0.0869716
-0.12359434
0.083788924
-0.24768613
-0.1601959
0.07354484
-0.009803952
-0.037745073
0.0019108099
-0.22838487
-0.33937106
-0.07517035
-0.38460934
-0.30659464
-0.028942969
0.19317286
0.22823673
0.16960904
0.09654061
0.06893822
0.16967626
-0.12071563
0.011451042
0.1707443
-0.1963591
-0.11769183
0.063607164
-0.43299618
-0.29337338
0.08318166
-0.2658617
-0.19874153
0.0076725553
0.27136835
0.3453613
0.19284536
0.19210576
0.3830579
0.33501512
0.17433967
0.22110966
0.08455104
0.028510973
-0.20677854
-0.31216335
-0.017933317
-0.25100797
-0.22689031
0.24482106
-0.004579342
-0.10867365
0.007622886
-0.3210778
-0.24775162
0.07664469
-0.13534497
-0.10030642
0.2782449
0.23894374
0.13498129
-0.072714575
-0.43595615
-0.33898482
0.056106187
-0.19655636
-0.16895913
0.24681991
0.1923762
0.07313303
0.094467185
-0.20742905
-0.20412123
0.12382836
-0.036373068
-0.08586345
0.25182843
0.21685423
0.05974253
-0.024511956
-0.052962374
0.061576553
-0.25946128
-0.20950902
-0.12046337
-0.18040408
-0.22059013
-0.061796807
0.13575187
0.18532994
0.16307051
-0.049136527
0.08256091
0.033516068
-0.112186834
-0.108518824
-0.027082011
0.12394506
0.19313286
0.105685405
0.051857837
0.23280038
0.10472256
-0.047958493
0.017203715
0.0069759353
-0.03611516
-0.0421602
0.025374461
-0.30175456
-0.22100642
-0.041183088
-0.1956689
-0.064393885
0.07747956
-0.017000442
0.1351288
0.19300978
-0.16944599
0.1060561
0.18329696
-0.11093935
0.15871483
0.24663809
-0.115160525
0.018586732
0.117303975
-0.21442066
0.022193136
0.15647829
-0.1653594
0.09452372
0.14816692
-0.2691471
-0.6533451
-0.16660155
0.10338795
-0.25540867
0.102992386
0.3961946
0.45855552
0.24552938
0.0592432
-0.22906598
0.61740494
-0.068410344
-0.38004476
0.30815643
-0.12360779
0.0087481905
-0.067286626
0.32446358
0.10992827
0.4718145
0.047942065
-0.23977475
0.028114697
-0.22308102
-0.22468019
-0.36386448
0.28025803
0.8472532
0.19162782
-0.22193018
-0.050022118
-0.06720861
-0.32198137
-0.39320803
-0.20204306
0.1723679
0.8067155
-0.11712582
-0.26499698
-0.10923629
-0.23967241
-0.12245937
-0.1917714
0.007621106
-0.2552674
0.1258801
-0.43421376
-0.09780708
0.007489918
-0.0805592
0.22033976
0.1933202
0.31431264
0.30908036
0.3126415
-0.655284
0.37747267
-0.7384035
-0.4368813
0.705254
0.2880691
-0.12649831
0.24550429
0.81955934
0.17947233
-0.40364417
-1.2440728
0.027060116
0.051525533
-0.041983917
0.34580928
-0.30419263
0.48130813
0.24668123
-0.44990888
-0.47522178
0.46052796
-0.40737015
0.077052355
0.36675295
0.12851088
0.047740992
0.11914468
0.01547533
-0.08790586
0.10900504
-0.09964113
-0.16575162
0.028319273
0.063290365
0.05392476
0.15062654
-0.07057341
-0.110969774
0.07283464
-0.16453001
-0.23457824
-0.006926287
-0.08700994
-0.14170869
-0.095796645
-0.06930472
-0.13013494
-0.09098161
-0.06040524
-0.11306594
-0.051846124
0.26571423
0.41527125
0.111262545
-0.008734689
-0.007821914
-0.114651866
-0.1403728
-0.35320157
-0.1899215
0.27910247
0.5112059
0.2083459
-0.03825477
0.057930496
-0.044312846
-0.29703915
-0.47347903
-0.2471948
0.08976322
0.30585214
0.10819296
-0.055688255
-0.0026361062
0.00686493
-0.13234483
-0.29831037
-0.0057033827
-0.077395014
-0.1660828
-0.033550944
-0.23788938
-0.38329226
-0.086827934
-0.08495442
-0.20247167
-0.023204304
0.15980698
0.073876
0.1778196
-0.058010668
-0.18597116
0.098151706
0.045115978
-0.05543164
0.16434453
0.052036475
0.013584442
0.040714823
-0.04626961
-0.12196629
0.05016186
0.026293771
-0.010603646
0.08966917
-0.06673298
-0.23199904
-0.19739023
0.07915533
-0.3322397
-0.25528193
0.059444662
-0.13769875
-0.052439537
0.20362987
0.24682212
0.23354621
0.41604394
0.18969902
0.1883013
0.15382525
0.05365531
0.09196137
-0.06911279
0.026905421
0.14016485
-0.051433027
-0.20884086
-0.039395817
-0.21686842
-0.27114943
-0.06540375
0.37406766
0.15641797
0.17682971
0.467089
-0.2367374
-0.06348859
-0.24572699
-0.25186667
-0.03541845
0.28347224
-0.18813276
-0.02365289
0.44802013
-0.62597793
-0.25420788
-0.13789877
-0.28338638
0.11413901
-0.028342426
-0.08652753
-0.056522347
0.32489425
-0.117743455
-0.020447843
-0.078491285
0.13532376
0.25936905
0.1778162
0.11095689
-0.14901888
0.24546501
0.115942836
-0.3441417
0.11910871
-0.077987164
-0.19862571
0.11346928
0.06486371
-0.31450877
0.34550118
0.20127743
-0.5094838
0.25762415
0.025516234
-0.20745072
0.2246417
0.033057127
-0.2982514
0.36238518
0.12376265
-0.4497059
0.3128941
-0.012114749
-0.27491796
-0.1624176
-0.15787807
-0.13539904
-0.090755895
-0.031785823
-0.053450186
0.05849191
0.07876326
0.04241464
0.011032016
0.025593499
-0.0018161571
0.121008836
0.2638412
0.12182115
0.18616557
0.22402172
0.09601365
-0.053550813
0.0036310114
-0.030357504
0.00716705
0.16471905
0.048296582
-0.009971453
0.025585227
-0.03490282
-0.5698847
-0.6009328
-0.2055816
0.23306483
0.18971361
-0.096419655
0.5297736
0.39798933
0.16196235
-0.18832316
-0.49903938
-0.22857043
0.6447017
0.23352373
-0.42997387
0.6104977
0.16762307
-0.32421145
0.17734027
-0.015217036
0.11777287
0.33590245
0.082386956
-0.27220917
0.09648194
-0.16680185
-0.37642524
0.0095771635
-0.06313168
-0.10008757
0.14560091
0.1280453
-0.021417487
0.12825923
0.10707299
-0.033265993
-0.061631873
-0.14184651
-0.20592453
-0.060077175
-0.06772241
-0.18803458
-0.034261383
-0.081690095
-0.17732242
0.13430052
0.13248275
0.040913068
0.16256951
0.21511269
0.08372887
0.10061562
0.11327526
0.01142242
0.06551545
-0.05108438
-0.004600135
-0.040695243
-0.24909385
-0.085143164
0.06629634
-0.077064484
0.020634308
-0.016067421
-0.15212564
-0.08684341
-0.15293787
-0.42173296
-0.20881367
-0.011442274
-0.16067187
-0.0818676
0.15907821
0.10925801
0.12680794
0.042220764
-0.12804073
0.042536754
0.101012886
0.0212434
0.0934372
-0.034580473
0.047266886
0.19147873
-0.0622064
0.017616654
0.06642598
0.13283768
0.19908224
0.17292766
-0.21515618
-0.12878256
0.059984345
-0.28674078
-0.2284375
-0.080601186
-0.07832565
-0.0041368934
0.052157406
-0.13745318
-0.08695423
0.078530446
-0.1525624
-0.13740462
-0.0012464875
-0.07211666
-0.00067775004
0.09879122
0.2230206
-0.034401357
-0.24136265
0.3243198
-0.011513538
-0.30606115
0.077510424
0.010329451
-0.082972676
0.35127532
-0.04131471
-0.37997603
0.46210706
0.0056310236
-0.44161582
0.24231797
0.02631156
-0.19186787
0.2079576
-0.028262569
-0.18781134
0.26015174
-0.054205507
-0.24732174
0.06869014
0.028146459
-0.08024426
0.074321695
0.04434822
-0.04948489
0.14313667
0.22377208
0.14331469
0.12591624
0.41451368
0.12205056
0.17608455
-0.092887565
-0.0065943343
-0.17184708
-0.42842737
-0.23864369
-0.067230955
-0.052851435
-0.15308653
0.054179452
0.10736902
0.21517844
-0.13107339
-0.16992138
0.079287656
-0.1935664
-0.10202598
-0.056846242
0.0372492
-0.10509863
-0.21634662
-0.042389825
-0.19957502
-0.1663363
0.10081825
-0.09372183
-0.13122156
0.18892628
0.32675973
0.055302687
0.12620163
0.29384404
0.21141537
0.042214714
0.032945666
-0.057575043
-0.2681768
-0.119745016
-0.013586364
-0.22791
-0.06984613
0.14626066
-0.05567249
0.0071813012
0.1381177
-0.23865415
-0.16740142
0.02512465
-0.31207812
-0.13898143
0.14819528
-0.13935386
0.034150165
0.19639081
0.012021105
0.042900525
0.052039303
-0.06874695
0.06614068
0.20709077
0.061865553
0.18827786
0.1645028
-0.020273486
-0.037655517
-0.00861119
-0.1597838
-0.05312164
0.04326004
-0.022602934
0.03379542
0.0015113767
-0.061013095
-0.06113954
0.008034823
-0.13991153
-0.14959547
-0.074856065
-0.08246322
-0.07866594
-0.028846983
0.008393126
0.017740056
-0.044187553
0.008676292
-0.022626635
-0.10781847
0.04758844
0.014056353
-0.022712966
0.04042037
0.06807305
-0.031215737
0.15515056
0.14854684
0.02770627
0.17944139
0.19462194
0.10385951
0.03253848
0.37154174
-0.24130937
-0.56874204
0.4938762
-0.060060676
0.06496328
0.122455336
-0.18143721
-0.28372192
0.5265882
-0.19948703
-1.0091984
0.7687949
0.04278812
-0.11811278
0.31018218
-0.10058479
0.003726434
0.17251468
-0.22703561
-0.31482115
0.42781153
-0.04569914
0.14564385
0.050374713
-0.18427412
0.09905694
0.2018931
-0.0030197322
0.16012636
0.22949715
0.078378335
0.049063005
0.07347682
0.021211682
0.013841536
0.1487703
-0.085077025
0.14709629
0.21072625
-0.05684536
-0.040521566
-0.035104368
-0.09452367
-0.015351524
0.043516085
-0.119336255
0.080279805
0.16350566
-0.0410126
-0.060358234
-0.037921812
-0.09972382
0.42685515
-0.12501688
-0.37858123
0.8840582
0.44363272
-0.602989
0.07274611
-0.19307034
-0.446434
-0.1605496
-0.4756846
-0.14990824
0.59157693
0.53519815
-0.20548292
-0.26346686
-0.075440265
0.13331214
-0.57539964
-0.22956495
0.41203457
-0.23428519
0.32762116
0.32871154
-0.56736636
-0.0034674644
0.5244298
-0.021105459
-0.0016641186
-0.008937697
-0.023404092
0.027974365
0.023122296
-0.02807513
-0.02325587
0.004360654
-0.0026508167
0.054649666
-0.013927135
0.049438264
0.11742606
0.07548877
0.035145774
0.058524553
0.02573845
0.037876885
0.07181811
0.017459983
0.047028568
0.115842864
0.09737648
0.009138458
0.016329305
-0.0019313694
0.7007788
0.5562462
0.30398527
0.34119526
-0.16772135
-0.24689296
-0.33545306
-0.5234115
-0.5980408
0.18473215
-0.098254085
-0.294162
0.43820974
-0.19054966
-0.28796244
0.30554438
0.090141185
-0.12288286
-0.27488476
-0.4599201
-0.5853654
0.2804308
-0.10797523
-0.20604606
0.5107427
0.5082423
0.29027447
0.06164433
0.01147503
-0.16980588
0.12480544
-0.07662967
-0.2352681
0.2332053
0.15032138
-0.110573515
-0.19186816
-0.25780293
-0.35183543
0.056686502
-0.08866787
-0.18990411
0.41227737
0.45314243
0.20365058
-0.21680391
-0.2806674
-0.36422443
0.05863504
-0.053086314
-0.12098924
0.34580755
0.39724928
0.23915227
-0.64401674
-0.90706164
-0.38256285
0.1480424
0.12896812
0.08271285
0.52910334
0.6303671
0.45895475
-0.7898696
-1.0575433
-0.30434233
0.16682227
0.26047477
0.21998174
0.4312017
0.5886243
0.41070548
-0.19363071
-0.42564017
-0.0731077
0.14145282
0.13945258
0.0006822184
0.1630973
0.19748452
0.08414602
0.06566227
0.067562945
-0.4304951
0.33374465
0.4692645
-0.8145863
0.23393592
0.21721072
-0.1001662
0.344659
0.36171588
-0.5834869
0.6300489
0.7423892
-1.2725645
0.19095305
0.113663815
-0.5549669
-0.03473673
0.19354416
-0.020311732
0.1286503
0.42713094
-0.5210542
-0.049532413
-0.021309232
-0.12148853
-0.099163264
0.37159044
0.20448478
0.10211945
-0.72240514
0.11545285
0.28994915
-0.30424032
0.14566918
0.115613654
0.54094523
0.2697661
0.15470898
-1.1574008
-0.071222514
0.48537928
-0.4970191
0.10169436
-0.23133473
0.1691767
-0.0768634
0.17030312
-0.44000795
0.103984565
0.2784635
-0.06493241
0.106969915
-0.0066475985
0.19928107
0.057271887
0.18257344
0.076058865
0.112299755
0.07148793
-0.2721558
0.0041676573
-0.051568586
0.10960545
0.056706753
0.11407699
-0.14387158
0.005848916
-0.0029281648
-0.43120903
-0.0102933375
-0.045511533
0.005188228
-0.040021285
-0.0050464002
-0.16216491
-0.07209472
0.003399635
-0.2278208
-0.05855849
0.07759854
0.12691836
0.032305196
0.22131467
0.2468054
-0.04663664
0.046407055
0.028245691
0.017528398
-0.1832727
-0.067425
-0.007211963
-0.048854794
0.007042665
-0.1288318
-0.06460051
-0.06456574
0.044235136
-0.22547162
-0.119312614
-0.023425154
-0.0991712
-0.015142982
0.0009538517
-0.026137399
0.001356722
0.14281954
0.016520318
-0.03222537
-0.003845017
-0.06820634
-0.19444814
-0.1416626
-0.06952754
-0.18340231
-0.17421651
0.04278113
-0.067528635
-0.0070308647
0.011764702
-0.14958303
-0.1236099
0.010205308
-0.103934266
-0.1174187
0.12660712
0.08504551
0.13066116
0.17585206
0.11288444
0.11936511
0.14655994
0.098891586
0.10347562
0.032176413
-0.10765806
-0.2638818
0.2795738
-0.03741616
-0.25470796
0.34872162
0.030041166
-0.05589835
0.25063235
0.15543026
-0.17432451
0.39254567
0.03230552
-0.3519143
0.19299372
-0.19897854
-0.29713035
0.46031988
0.43399078
0.28352425
0.16341242
-0.058164578
-0.19196077
-0.19520842
-0.4563006
-0.42732364
